XS 8
YS 8
POPULATION 256
GENOME 0
FITNESS 8
BEST_OUTPUT 112
MASKS 4 4 4 4 0 4 4 4 4 0 4 4 5 4 7 4 1 4 4 12 2 4 4 4 0 4 2 4 4 4 4 4 12 4 4 4 11 4 6 4 4 4 4 6 4 6 4 4 4 4 4 4 4 4 5 4 4 4 4 4 4 6 6 4 
SENSITIVITIES 2 0 0 0 0 0 0 1 0 0 0 3 0 0 0 1 0 1 0 2 0 0 0 0 0 0 0 0 0 0 0 0 1 0 0 0 0 0 0 0 0 1 0 1 0 0 0 3 0 0 0 0 1 0 0 3 2 0 0 2 0 0 0 2 
INPUTS 0 15 15 15 0 15 15 15 
GENOME 1
FITNESS 7
BEST_OUTPUT 96
MASKS 4 4 4 4 4 4 4 4 6 4 4 5 0 4 4 4 4 6 5 12 4 4 4 0 4 4 4 5 4 4 4 6 13 6 4 4 4 4 4 5 4 6 0 4 4 6 4 0 4 8 5 4 5 4 4 4 13 4 4 4 4 14 4 4 
SENSITIVITIES 0 2 0 2 0 0 0 2 2 0 1 1 1 0 0 0 1 0 0 0 0 0 0 0 0 2 1 2 0 0 0 0 1 0 0 1 2 0 0 1 0 3 2 2 0 0 0 1 0 2 2 0 0 0 0 0 2 0 1 0 0 0 0 3 
INPUTS 0 15 15 15 0 15 15 15 
GENOME 2
FITNESS 7
BEST_OUTPUT 80
MASKS 4 4 4 4 4 4 6 4 6 4 4 4 0 4 4 4 4 6 4 6 4 4 4 4 12 4 4 5 4 4 4 6 13 6 4 4 4 4 4 5 4 6 4 4 4 4 4 0 5 4 5 4 14 4 5 4 13 4 4 4 4 14 5 0 
SENSITIVITIES 0 1 0 2 0 0 0 2 2 1 2 0 0 0 0 2 0 0 1 0 0 0 2 0 0 2 0 2 0 0 3 0 0 0 0 0 2 0 1 1 0 1 2 2 0 0 0 1 1 1 2 3 0 0 0 0 2 0 1 0 0 0 0 1 
INPUTS 0 15 15 15 0 15 15 15 
GENOME 3
FITNESS 7
BEST_OUTPUT 80
MASKS 12 4 4 4 4 4 4 4 4 4 4 4 0 4 4 4 6 4 5 4 4 4 4 4 4 4 4 0 4 4 4 5 13 4 4 4 4 4 4 4 4 4 4 4 12 6 4 4 6 9 4 4 4 12 4 4 4 4 4 4 4 4 4 4 
SENSITIVITIES 0 3 0 2 2 0 0 0 0 0 1 0 0 0 0 0 1 2 3 0 0 0 1 0 0 0 0 0 0 0 0 0 1 0 0 0 1 0 0 0 0 3 0 0 0 0 0 3 0 0 0 0 0 0 0 0 2 0 2 1 0 0 0 3 
INPUTS 0 15 15 15 0 15 15 15 
GENOME 4
FITNESS 7
BEST_OUTPUT 80
MASKS 4 4 4 6 4 4 4 14 5 4 4 4 6 4 12 4 6 4 4 12 0 4 1 4 4 4 2 4 4 4 4 0 12 6 4 4 4 4 12 4 0 4 4 4 4 4 4 4 4 6 4 0 4 12 4 4 4 12 4 4 4 14 4 0 
SENSITIVITIES 2 1 0 0 0 2 0 0 0 0 1 0 0 0 0 2 2 0 0 0 1 0 0 0 0 0 0 0 0 0 2 2 0 1 0 1 2 0 0 3 3 0 1 2 0 0 0 0 0 2 0 1 0 0 0 0 0 0 0 2 0 0 0 3 
INPUTS 0 15 15 15 0 15 15 15 
GENOME 5
FITNESS 7
BEST_OUTPUT 80
MASKS 4 4 4 4 4 4 4 4 5 4 4 4 4 4 12 6 0 4 4 12 4 4 4 4 4 4 4 0 4 4 4 4 4 4 4 4 4 4 12 4 4 4 12 4 4 4 4 4 4 4 4 4 4 12 5 4 4 12 4 4 4 4 4 4 
SENSITIVITIES 0 0 0 0 0 2 0 0 0 1 0 0 0 1 0 0 0 1 0 1 0 0 0 3 2 0 0 0 0 0 0 0 0 1 0 0 0 0 0 3 0 1 2 0 1 0 0 0 0 2 0 0 0 0 0 0 2 0 0 1 0 0 0 0 
INPUTS 0 15 15 15 0 15 15 15 
GENOME 6
FITNESS 7
BEST_OUTPUT 80
MASKS 4 4 4 4 4 4 4 4 6 4 4 4 0 4 13 4 4 4 4 12 0 4 5 4 4 5 4 5 4 4 4 0 13 4 4 4 4 4 12 5 4 4 13 4 4 4 4 0 5 4 4 4 4 12 5 4 4 12 4 4 4 14 5 5 
SENSITIVITIES 0 0 0 2 1 2 0 2 2 1 1 0 0 0 0 2 2 0 1 0 0 0 0 0 0 2 0 2 0 0 3 0 0 0 0 0 2 0 0 1 1 1 0 2 0 0 0 0 1 2 2 3 0 0 0 0 2 0 0 1 0 0 0 3 
INPUTS 0 15 15 15 0 15 15 15 
GENOME 7
FITNESS 7
BEST_OUTPUT 96
MASKS 4 4 5 4 6 4 4 4 5 4 4 4 5 4 4 4 6 4 4 5 4 12 4 4 4 4 4 4 4 4 4 4 12 4 0 4 5 4 6 4 4 6 4 6 4 4 4 4 4 4 4 4 4 4 5 4 4 4 4 4 4 4 5 4 
SENSITIVITIES 3 2 0 0 1 0 0 0 0 0 0 0 2 0 0 2 0 2 0 2 0 0 0 0 2 0 0 1 0 0 1 0 0 0 0 0 0 0 0 0 0 0 0 0 0 0 0 3 0 0 0 0 0 0 0 0 2 0 3 0 0 0 0 0 
INPUTS 0 15 15 15 0 15 15 15 
GENOME 8
FITNESS 7
BEST_OUTPUT 80
MASKS 4 0 5 4 6 12 4 4 5 4 4 4 12 4 4 4 6 4 4 12 4 12 4 4 4 4 4 4 6 4 4 4 12 4 4 4 4 4 4 4 4 4 5 4 4 4 4 4 4 4 4 4 4 4 5 4 4 4 4 4 4 14 4 4 
SENSITIVITIES 3 2 0 0 1 0 0 0 0 0 0 0 2 0 1 2 3 2 0 1 0 0 0 2 1 3 0 2 0 0 1 0 0 0 3 0 1 0 0 3 0 0 2 0 2 0 0 0 0 3 0 2 0 0 0 2 2 0 0 1 0 0 0 3 
INPUTS 0 15 15 15 0 15 15 15 
GENOME 9
FITNESS 7
BEST_OUTPUT 80
MASKS 4 4 4 4 4 4 4 4 15 4 4 4 4 4 4 4 1 6 6 6 2 12 4 4 4 4 6 4 6 4 5 4 12 5 4 5 9 4 12 6 0 4 4 4 4 4 12 4 5 4 4 4 4 12 6 10 13 4 4 14 4 12 4 4 
SENSITIVITIES 2 0 0 1 0 3 0 0 0 0 0 0 0 2 0 1 0 1 3 2 0 0 0 0 2 0 0 2 3 0 0 0 1 1 0 0 2 0 0 0 0 0 2 0 0 0 2 1 0 1 0 0 0 0 0 0 2 2 3 1 0 0 0 0 
INPUTS 0 15 15 15 0 15 15 15 
GENOME 10
FITNESS 7
BEST_OUTPUT 80
MASKS 4 8 3 4 14 4 4 4 15 1 4 4 4 4 4 4 6 4 4 4 4 4 4 4 4 4 4 4 6 4 4 4 15 4 4 4 4 4 6 4 8 6 4 0 4 15 10 4 5 4 4 4 5 12 14 4 4 4 15 4 4 14 6 4 
SENSITIVITIES 0 0 0 2 0 1 0 0 0 1 0 0 0 0 0 2 2 0 0 2 0 0 0 0 0 2 0 1 1 3 0 0 0 0 3 0 0 0 0 0 0 0 2 0 0 0 0 0 0 3 2 3 0 0 0 3 2 2 3 2 0 0 0 1 
INPUTS 0 15 15 15 0 15 15 15 
GENOME 11
FITNESS 7
BEST_OUTPUT 96
MASKS 4 4 4 4 6 4 4 4 5 0 4 4 5 4 4 4 6 4 4 12 4 12 4 4 4 4 4 4 4 4 4 4 12 4 4 4 4 4 6 4 4 4 4 6 4 4 4 4 4 4 4 4 4 4 5 4 4 4 4 4 4 6 5 4 
SENSITIVITIES 2 0 0 0 0 2 0 0 0 0 0 1 2 0 0 0 0 0 0 0 0 0 0 0 0 0 0 0 0 0 0 0 0 0 0 0 0 0 0 0 0 0 2 0 0 0 0 1 0 0 0 0 0 0 0 3 2 0 0 0 0 0 0 0 
INPUTS 0 15 15 15 0 15 15 15 
GENOME 12
FITNESS 7
BEST_OUTPUT 80
MASKS 4 5 4 4 4 5 4 4 5 4 4 4 4 4 4 4 1 4 4 12 4 4 4 9 4 4 0 4 4 7 4 6 7 4 4 6 4 4 4 0 4 4 4 4 4 15 4 4 4 4 5 15 4 7 5 4 4 9 4 4 4 6 4 1 
SENSITIVITIES 0 0 0 0 0 2 0 0 0 1 0 0 1 0 0 2 0 3 1 0 0 0 0 0 1 2 0 0 0 0 0 0 3 0 0 0 1 0 1 2 3 0 2 1 0 0 0 3 0 3 0 0 0 0 0 0 2 0 0 2 0 0 0 2 
INPUTS 0 15 15 15 0 15 15 15 
GENOME 13
FITNESS 7
BEST_OUTPUT 80
MASKS 4 4 0 4 12 4 4 5 7 4 4 4 15 4 4 4 1 6 6 4 2 4 4 9 4 4 4 4 4 4 5 6 7 4 4 6 9 12 12 7 4 4 4 1 4 4 4 4 5 4 6 4 4 12 5 4 13 4 4 14 4 4 4 1 
SENSITIVITIES 2 0 0 1 2 2 0 0 0 0 0 0 1 2 0 1 0 1 0 2 0 0 0 0 2 0 0 2 3 0 0 0 2 1 0 0 2 0 0 1 0 0 2 0 0 0 1 1 0 3 0 0 0 0 0 0 2 2 0 0 0 0 0 1 
INPUTS 0 15 15 15 0 15 15 15 
GENOME 14
FITNESS 7
BEST_OUTPUT 80
MASKS 11 5 4 4 4 4 4 11 4 4 4 4 4 4 4 4 1 4 4 12 4 4 4 9 4 4 0 4 4 7 4 4 13 4 4 6 4 4 0 4 4 4 4 4 5 15 9 4 4 4 5 15 4 7 5 4 4 9 4 4 12 4 4 1 
SENSITIVITIES 2 0 0 0 0 2 0 0 0 1 0 0 1 0 0 0 0 0 0 0 3 0 0 0 1 2 0 0 1 0 0 0 2 1 0 0 1 0 1 2 0 3 2 0 0 0 0 3 0 0 0 1 0 0 0 0 0 0 0 2 0 0 0 2 
INPUTS 0 15 15 15 0 15 15 15 
GENOME 15
FITNESS 7
BEST_OUTPUT 80
MASKS 8 4 6 5 4 13 4 4 11 4 4 15 14 4 4 4 4 4 4 12 4 12 4 4 4 4 2 4 6 4 4 4 12 4 4 4 4 14 4 6 4 4 5 4 0 4 4 4 12 15 4 15 4 4 14 4 4 4 14 4 4 14 12 12 
SENSITIVITIES 1 0 0 0 1 2 1 3 2 0 0 1 0 0 1 0 1 0 2 1 3 2 0 2 0 2 0 2 0 1 0 0 2 0 3 2 0 0 0 3 0 0 3 0 0 1 0 0 1 2 0 0 1 0 0 0 1 0 1 0 0 0 0 1 
INPUTS 0 15 15 15 0 15 15 15 
GENOME 16
FITNESS 7
BEST_OUTPUT 80
MASKS 4 4 4 4 4 4 4 8 4 4 1 15 15 4 4 4 0 6 4 4 3 12 4 0 4 4 0 6 4 7 4 6 7 4 4 6 4 4 4 6 6 4 6 0 4 4 4 6 4 4 5 4 14 4 12 4 12 4 4 4 4 14 4 4 
SENSITIVITIES 0 1 0 0 2 2 0 0 0 0 2 0 0 0 0 2 3 0 0 0 2 0 1 0 0 3 0 0 3 0 0 0 1 2 0 1 2 0 0 0 0 0 2 2 0 0 0 0 0 0 2 0 0 0 0 2 0 0 1 0 0 0 1 1 
INPUTS 0 15 15 15 0 15 15 15 
GENOME 17
FITNESS 7
BEST_OUTPUT 80
MASKS 4 10 4 6 0 4 4 14 4 6 4 4 12 4 7 4 1 3 4 12 2 4 0 4 0 4 2 4 4 4 4 4 7 6 4 6 11 4 4 6 8 4 4 0 4 6 9 4 4 4 4 4 4 4 5 5 13 4 4 4 4 14 6 4 
SENSITIVITIES 2 1 0 0 0 2 0 1 0 0 0 1 0 1 0 1 2 1 0 2 3 0 2 0 0 2 0 0 3 0 2 0 1 0 0 0 2 0 3 3 0 1 0 1 0 0 0 3 1 0 0 3 1 0 0 0 0 2 1 2 0 0 0 2 
INPUTS 0 15 15 15 0 15 15 15 
GENOME 18
FITNESS 7
BEST_OUTPUT 96
MASKS 4 4 4 4 4 4 4 4 5 4 1 4 15 6 4 0 0 4 4 12 4 12 4 4 0 4 4 4 6 4 4 4 12 4 4 4 4 4 6 12 4 2 6 6 4 4 4 4 4 4 4 4 4 6 5 4 13 4 4 4 4 14 6 4 
SENSITIVITIES 0 0 0 0 0 2 0 0 0 0 0 0 2 0 0 0 0 0 0 2 3 0 0 0 0 2 0 0 0 0 0 0 0 0 0 2 0 0 0 0 2 3 2 1 0 0 0 0 0 0 0 0 3 0 0 2 2 0 0 3 0 0 1 1 
INPUTS 0 15 15 15 0 15 15 15 
GENOME 19
FITNESS 7
BEST_OUTPUT 80
MASKS 4 4 4 4 4 4 4 14 4 15 1 4 4 12 7 4 0 0 4 4 4 4 4 4 4 4 2 0 5 4 1 4 7 6 4 4 11 4 12 6 4 4 6 0 0 15 9 4 4 15 4 4 14 4 10 4 13 4 4 4 4 14 4 6 
SENSITIVITIES 2 0 0 2 0 1 0 3 0 0 1 0 0 0 2 0 2 0 0 0 1 0 0 0 0 0 0 0 3 0 0 0 0 0 0 0 0 0 0 0 0 0 0 0 0 0 0 0 0 2 0 0 1 0 0 2 0 3 3 2 0 0 1 1 
INPUTS 0 15 15 15 0 15 15 15 
GENOME 20
FITNESS 7
BEST_OUTPUT 96
MASKS 4 4 4 4 6 4 4 4 5 4 4 4 0 4 4 4 6 4 4 4 4 4 4 4 4 4 4 4 4 4 4 4 12 4 4 4 5 4 4 4 4 6 4 4 4 4 4 4 6 4 4 4 4 12 4 6 4 4 4 4 4 4 4 4 
SENSITIVITIES 0 2 0 0 2 0 1 0 0 0 0 0 0 0 0 2 0 2 3 2 0 0 0 0 2 2 0 0 0 0 0 0 1 0 0 0 0 0 0 0 0 0 0 1 0 0 0 1 0 0 0 0 0 0 0 0 2 0 3 0 0 0 1 0 
INPUTS 0 15 15 15 0 15 15 15 
GENOME 21
FITNESS 7
BEST_OUTPUT 80
MASKS 4 4 4 4 4 4 4 4 5 4 1 15 4 4 4 4 0 6 4 4 4 4 4 0 4 4 0 4 4 4 4 4 4 4 4 6 4 4 4 6 6 4 4 0 4 4 9 7 4 4 5 4 0 4 10 4 12 4 4 4 4 14 4 1 
SENSITIVITIES 0 1 0 0 2 2 0 0 0 1 2 0 0 0 0 3 0 0 2 0 2 0 0 0 0 2 0 0 3 0 0 2 1 2 0 0 0 0 0 0 0 3 2 2 0 0 0 2 0 0 2 0 0 0 0 2 0 0 0 2 0 0 1 1 
INPUTS 0 15 15 15 0 15 15 15 
GENOME 22
FITNESS 7
BEST_OUTPUT 96
MASKS 4 0 4 4 6 4 4 15 15 4 12 15 4 12 4 4 1 6 4 4 4 4 4 9 4 4 4 4 4 4 4 0 13 5 4 4 4 4 12 4 8 6 4 4 5 15 4 4 4 4 4 4 5 4 4 4 4 4 4 4 4 14 4 1 
SENSITIVITIES 0 0 0 0 2 1 0 0 0 0 2 0 0 0 0 0 0 0 3 0 3 0 0 0 3 2 0 2 3 0 0 0 1 0 2 0 0 0 0 2 0 1 0 0 2 0 0 0 0 1 0 3 0 0 0 0 0 0 0 2 0 0 2 0 
INPUTS 0 15 15 15 0 15 15 15 
GENOME 23
FITNESS 7
BEST_OUTPUT 80
MASKS 9 4 3 4 4 4 0 14 15 4 4 15 15 12 5 4 4 4 6 4 6 4 4 4 0 6 4 4 4 4 4 4 7 4 4 4 4 4 14 6 8 2 4 12 5 15 9 6 5 12 5 4 10 4 10 11 13 4 4 14 4 14 6 4 
SENSITIVITIES 2 1 0 2 0 2 0 3 0 0 1 1 0 0 0 0 0 1 0 0 3 0 0 0 2 0 0 0 3 0 0 0 0 0 2 0 2 0 1 0 0 0 0 1 0 0 0 2 0 3 2 2 3 0 0 2 0 2 3 2 0 0 1 1 
INPUTS 0 15 15 15 0 15 15 15 
GENOME 24
FITNESS 7
BEST_OUTPUT 80
MASKS 9 4 3 9 5 4 0 14 15 15 1 4 15 12 7 4 0 3 6 4 0 4 0 4 0 4 4 4 6 4 4 4 7 6 4 4 9 4 12 6 8 2 6 12 4 15 9 6 5 4 4 4 4 4 10 11 13 4 14 14 4 14 6 4 
SENSITIVITIES 2 1 0 0 0 2 0 3 0 0 1 0 0 0 0 1 2 1 0 3 3 0 0 0 0 0 0 0 3 0 0 0 2 0 0 0 0 0 1 0 0 3 0 1 0 0 0 2 0 0 0 3 3 0 0 2 0 2 3 2 0 0 1 1 
INPUTS 0 15 15 15 0 15 15 15 
GENOME 25
FITNESS 7
BEST_OUTPUT 96
MASKS 4 4 4 4 6 12 4 4 5 4 4 12 15 4 4 5 4 6 4 4 4 4 4 4 4 4 4 4 4 4 4 4 12 4 4 4 5 4 4 0 4 6 4 4 4 4 4 4 6 4 4 4 4 12 4 6 4 4 4 4 4 4 4 1 
SENSITIVITIES 2 2 0 0 0 0 0 0 0 0 0 0 0 0 0 2 0 2 3 2 0 0 0 0 1 2 0 0 0 0 0 0 1 3 0 0 0 0 0 0 0 0 0 1 0 0 0 1 0 0 0 0 0 1 0 0 2 0 0 0 0 0 0 1 
INPUTS 0 15 15 15 0 15 15 15 
GENOME 26
FITNESS 7
BEST_OUTPUT 80
MASKS 4 4 4 7 4 4 4 4 5 13 4 4 14 4 4 6 6 4 4 4 0 12 4 0 4 4 4 4 4 4 4 4 12 4 4 4 4 4 4 4 4 8 5 4 4 4 8 4 4 4 4 0 4 4 5 5 0 4 4 4 4 14 5 4 
SENSITIVITIES 1 0 0 0 3 3 0 0 0 0 1 1 0 0 0 1 0 0 0 1 2 0 0 0 2 0 0 0 0 1 1 0 0 1 0 0 0 0 1 3 0 3 2 0 0 0 0 0 0 0 0 1 0 0 0 3 2 0 0 2 0 0 0 1 
INPUTS 0 15 15 15 0 15 15 15 
GENOME 27
FITNESS 7
BEST_OUTPUT 80
MASKS 4 4 4 4 4 4 4 4 5 4 4 4 4 4 4 4 0 4 6 12 4 4 4 4 6 4 4 4 4 4 5 4 12 4 4 6 4 4 6 4 6 4 4 6 4 4 9 4 4 4 5 4 0 4 5 4 12 4 4 4 4 14 4 4 
SENSITIVITIES 2 0 0 0 0 2 0 0 2 1 2 1 2 0 0 0 0 0 0 0 2 0 0 0 0 0 0 0 3 0 0 0 0 0 0 0 0 0 0 0 0 3 2 0 2 0 0 1 0 0 2 0 0 0 0 3 0 0 0 2 0 0 1 1 
INPUTS 0 15 15 15 0 15 15 15 
GENOME 28
FITNESS 7
BEST_OUTPUT 80
MASKS 8 0 6 4 4 12 4 4 6 13 4 15 14 4 4 4 4 4 4 4 4 12 4 4 0 4 4 4 6 4 7 4 12 4 4 4 4 4 4 6 4 4 5 4 4 4 8 4 4 15 4 4 4 4 14 4 4 4 15 4 4 14 4 4 
SENSITIVITIES 1 0 0 2 0 2 1 0 2 1 0 1 0 0 0 0 1 0 0 0 1 2 0 2 3 3 0 2 0 2 0 0 2 0 3 0 0 0 0 3 0 1 3 0 0 0 0 0 0 3 0 0 1 0 0 0 2 0 0 0 0 0 1 1 
INPUTS 0 15 15 15 0 15 15 15 
GENOME 29
FITNESS 7
BEST_OUTPUT 80
MASKS 4 4 4 4 13 4 4 4 4 4 12 7 15 12 4 4 6 4 4 12 3 12 4 6 4 4 4 0 4 6 4 4 12 4 4 4 4 4 4 4 4 4 4 6 1 4 4 4 5 4 4 4 4 12 12 11 4 4 0 4 4 4 4 12 
SENSITIVITIES 0 0 1 0 1 0 0 0 0 0 0 1 1 0 0 2 0 0 0 0 0 0 2 0 2 3 0 0 0 0 0 0 1 0 0 0 0 0 0 0 2 0 2 0 0 0 1 0 0 0 0 0 0 0 0 0 2 0 1 0 0 0 1 3 
INPUTS 0 15 15 15 0 15 15 15 
GENOME 30
FITNESS 7
BEST_OUTPUT 80
MASKS 4 4 4 4 4 4 0 4 4 4 5 4 2 4 4 4 0 6 4 4 0 4 6 0 4 4 0 4 4 4 4 6 12 4 4 6 11 4 12 14 4 4 4 0 5 4 4 6 4 4 4 4 14 12 10 0 4 11 4 6 4 14 4 1 
SENSITIVITIES 0 1 0 0 2 0 2 0 0 0 0 0 1 0 0 1 0 1 3 0 2 0 0 0 0 0 0 0 3 0 0 1 2 0 0 0 1 0 0 0 0 3 2 3 0 0 1 2 0 1 2 0 0 0 2 0 1 0 3 2 2 0 0 1 
INPUTS 0 15 15 15 0 15 15 15 
GENOME 31
FITNESS 7
BEST_OUTPUT 80
MASKS 4 4 4 4 4 4 4 4 5 4 1 15 4 4 4 4 1 6 4 4 4 4 4 9 4 4 4 0 4 4 12 4 7 4 4 6 4 4 4 6 4 4 4 4 4 4 9 7 4 12 5 4 0 4 5 4 4 4 4 4 4 14 4 1 
SENSITIVITIES 0 0 1 0 0 0 0 1 0 3 1 0 0 0 0 3 0 0 0 0 2 0 0 0 0 0 0 2 3 0 0 2 1 0 0 0 0 0 2 0 1 3 2 0 0 0 0 2 0 0 2 0 0 0 0 0 0 0 0 2 2 0 0 1 
INPUTS 0 15 15 15 0 15 15 15 
GENOME 32
FITNESS 7
BEST_OUTPUT 80
MASKS 4 4 4 9 4 12 0 4 4 4 5 15 2 4 4 4 0 6 4 4 4 4 4 4 4 4 6 4 5 4 4 5 12 4 4 6 4 4 12 14 4 4 4 0 4 4 4 6 4 4 4 4 14 4 10 0 4 9 4 6 4 14 4 1 
SENSITIVITIES 0 0 0 0 2 0 2 0 0 0 0 0 1 0 0 1 0 0 3 0 0 0 0 0 0 0 0 0 3 0 0 0 2 0 0 0 1 0 0 0 2 3 2 2 0 0 1 2 0 1 2 0 0 0 0 0 0 0 0 2 2 0 0 1 
INPUTS 0 15 15 15 0 15 15 15 
GENOME 33
FITNESS 7
BEST_OUTPUT 80
MASKS 4 4 4 9 4 12 0 4 4 4 5 15 2 4 4 4 0 6 4 4 4 4 4 4 4 4 6 4 5 4 4 5 12 4 4 6 4 4 12 14 4 4 4 0 4 4 4 6 4 4 4 4 10 4 10 0 4 9 4 6 4 14 4 1 
SENSITIVITIES 0 0 0 0 2 0 2 0 0 0 0 0 1 0 0 1 0 0 3 0 0 0 0 0 0 0 0 1 3 0 0 0 2 0 0 0 1 0 0 0 2 3 2 2 0 0 1 2 0 1 2 0 0 0 0 0 1 0 0 2 2 0 0 1 
INPUTS 0 15 15 15 0 15 15 15 
GENOME 34
FITNESS 7
BEST_OUTPUT 96
MASKS 4 4 5 4 6 4 4 4 15 4 4 15 4 4 4 4 6 3 4 5 4 12 4 4 4 4 4 4 4 4 4 4 15 4 4 4 5 4 12 4 4 6 4 0 4 15 4 4 5 4 4 4 4 12 4 4 4 4 4 4 4 4 5 1 
SENSITIVITIES 3 0 0 0 1 1 0 0 0 0 0 0 0 0 0 2 0 2 0 2 0 0 0 0 2 0 0 1 3 0 0 0 0 1 3 0 0 0 0 0 0 0 0 0 0 0 0 0 0 0 0 0 0 0 0 0 2 2 3 0 0 0 2 2 
INPUTS 0 15 15 15 0 15 15 15 
GENOME 35
FITNESS 7
BEST_OUTPUT 96
MASKS 4 4 4 4 6 4 4 15 4 4 12 4 4 12 4 4 1 6 4 4 4 12 4 9 5 4 4 4 4 4 4 4 13 5 4 4 4 4 12 4 4 4 4 4 5 4 4 6 4 5 5 4 4 4 5 4 4 9 4 4 4 12 4 0 
SENSITIVITIES 2 0 0 0 2 0 2 0 0 1 0 0 0 0 0 0 0 0 3 0 3 0 0 0 1 2 0 2 1 0 0 1 0 0 0 0 1 0 0 2 0 1 2 0 2 0 0 1 0 1 2 0 2 0 0 2 0 0 0 2 0 0 2 0 
INPUTS 0 15 15 15 0 15 15 15 
GENOME 36
FITNESS 7
BEST_OUTPUT 96
MASKS 4 4 4 4 4 4 4 4 4 4 4 5 4 4 12 4 4 4 4 12 0 4 4 4 4 4 4 0 4 4 4 0 9 4 4 4 4 4 4 4 4 4 4 4 4 4 4 4 4 8 5 4 4 4 4 4 4 14 12 4 4 4 4 4 
SENSITIVITIES 0 3 0 2 0 0 2 0 0 0 1 0 0 0 0 0 0 0 0 0 1 0 0 0 0 1 0 2 0 0 0 2 1 1 0 1 0 0 0 3 1 3 2 0 0 0 0 1 0 2 0 0 0 0 0 0 2 0 1 1 0 0 0 3 
INPUTS 0 15 15 15 0 15 15 15 
GENOME 37
FITNESS 7
BEST_OUTPUT 80
MASKS 4 0 0 4 5 4 6 4 5 4 4 4 0 4 4 4 4 4 4 12 4 12 4 4 4 4 4 5 6 5 4 4 13 6 4 4 4 4 4 5 4 6 4 4 4 4 4 4 5 0 4 4 14 4 14 4 13 4 15 4 4 14 5 0 
SENSITIVITIES 0 0 0 0 0 2 0 2 2 1 2 0 0 0 0 0 0 0 1 2 1 0 0 0 0 1 0 2 0 2 3 0 1 0 3 2 2 0 0 1 0 1 2 2 0 0 0 0 1 1 2 3 0 0 0 0 3 0 3 3 0 0 0 3 
INPUTS 0 15 15 15 0 15 15 15 
GENOME 38
FITNESS 7
BEST_OUTPUT 80
MASKS 5 4 4 4 4 4 4 4 5 4 4 4 14 4 4 4 6 4 4 12 4 12 4 4 4 4 4 4 6 4 6 0 12 4 4 4 4 4 12 4 4 0 4 6 4 4 9 0 5 4 4 4 14 4 14 5 0 4 15 4 4 14 5 4 
SENSITIVITIES 0 0 0 0 0 2 2 0 0 0 0 1 0 0 0 0 0 0 2 0 3 0 0 0 2 0 0 0 0 1 0 0 1 1 3 0 0 0 0 0 0 3 2 0 1 2 0 0 0 3 0 0 0 0 0 3 2 0 1 2 0 0 0 0 
INPUTS 0 15 15 15 0 15 15 15 
GENOME 39
FITNESS 7
BEST_OUTPUT 80
MASKS 8 8 4 4 4 4 4 4 5 4 4 4 14 4 4 4 1 4 4 6 4 12 4 4 4 4 4 4 6 4 4 4 12 4 4 4 0 4 6 6 8 4 5 4 4 4 4 4 5 4 4 4 14 12 5 10 4 4 4 4 4 14 6 4 
SENSITIVITIES 1 0 0 2 0 1 0 0 0 1 0 1 1 0 0 0 0 0 0 0 3 0 2 2 0 0 0 0 3 1 0 0 0 1 3 0 2 0 1 0 0 0 2 0 0 0 3 2 0 3 0 0 0 0 0 3 0 0 0 2 0 0 0 1 
INPUTS 0 15 15 15 0 15 15 15 
GENOME 40
FITNESS 7
BEST_OUTPUT 96
MASKS 4 4 4 4 4 4 4 4 4 4 4 5 4 4 4 4 4 4 4 4 4 4 4 0 4 4 12 0 4 4 4 0 12 4 4 4 4 4 4 4 4 4 4 4 4 4 4 4 4 4 4 4 4 4 4 4 4 4 4 4 4 4 4 4 
SENSITIVITIES 0 3 0 2 0 2 0 0 0 2 1 0 0 0 0 0 2 0 0 0 0 0 0 0 1 2 1 0 0 0 0 0 1 0 0 2 1 0 0 0 0 0 0 0 1 0 0 1 0 0 2 0 1 0 0 0 0 0 1 0 1 0 0 1 
INPUTS 0 15 15 15 0 15 15 15 
GENOME 41
FITNESS 7
BEST_OUTPUT 96
MASKS 4 4 4 4 4 4 4 4 4 4 4 5 4 4 4 4 4 4 5 12 4 4 4 0 4 4 4 0 4 4 4 5 12 4 4 4 4 4 4 4 4 4 4 4 4 6 4 4 4 8 5 4 4 4 4 4 4 4 4 4 4 4 4 4 
SENSITIVITIES 0 3 0 2 0 0 0 0 0 0 1 0 0 0 0 0 1 0 0 0 0 0 0 0 0 2 1 2 0 0 0 0 1 0 0 0 1 0 0 0 0 3 2 0 0 0 0 1 0 2 0 0 0 0 0 0 2 0 1 1 2 0 0 3 
INPUTS 0 15 15 15 0 15 15 15 
GENOME 42
FITNESS 7
BEST_OUTPUT 96
MASKS 4 4 4 4 4 4 4 4 4 4 6 15 4 4 4 6 0 12 4 12 4 4 4 4 4 4 4 4 4 4 4 12 4 4 4 4 4 4 4 6 6 4 4 4 4 4 4 7 4 6 4 4 0 4 5 4 12 4 4 4 4 4 4 1 
SENSITIVITIES 0 1 0 1 2 2 0 0 1 1 0 0 0 0 0 3 0 0 0 0 0 0 0 0 0 2 0 0 3 0 0 2 1 2 1 0 0 0 0 0 0 3 2 2 2 0 0 2 2 0 2 1 0 0 0 0 2 0 0 2 2 0 0 3 
INPUTS 0 15 15 15 0 15 15 15 
GENOME 43
FITNESS 7
BEST_OUTPUT 80
MASKS 8 10 6 4 4 4 12 4 4 4 4 5 14 4 4 4 0 8 4 6 4 4 4 4 0 4 4 0 5 4 7 6 12 0 4 4 4 4 12 4 4 4 12 0 4 4 4 4 5 15 4 4 14 4 14 11 4 4 15 4 4 12 6 4 
SENSITIVITIES 1 0 0 2 0 2 0 0 0 0 1 0 0 0 1 0 2 0 1 0 3 0 2 0 0 2 0 0 0 0 3 2 0 0 2 0 1 0 1 0 2 3 3 0 0 0 0 0 0 2 0 0 0 0 0 0 0 2 0 2 0 0 2 1 
INPUTS 0 15 15 15 0 15 15 15 
GENOME 44
FITNESS 7
BEST_OUTPUT 80
MASKS 8 8 6 4 4 4 12 4 4 4 4 5 14 4 4 4 0 8 4 4 4 4 4 4 0 4 4 0 5 4 7 6 12 0 4 4 4 4 12 4 4 4 12 4 4 4 4 4 5 15 4 4 14 4 14 11 4 4 15 4 4 12 6 4 
SENSITIVITIES 1 0 0 2 0 2 0 0 0 0 1 0 0 0 1 0 2 0 1 0 3 0 2 0 0 2 0 0 0 0 3 2 0 0 2 0 1 0 0 0 2 3 3 0 0 0 0 0 0 3 0 0 0 0 0 0 0 2 0 2 0 0 2 1 
INPUTS 0 15 15 15 0 15 15 15 
GENOME 45
FITNESS 7
BEST_OUTPUT 80
MASKS 4 4 3 11 4 0 4 4 11 4 4 4 4 4 4 4 6 0 4 12 4 12 4 4 4 4 2 6 4 7 4 4 12 4 4 4 4 14 4 6 4 2 4 4 4 4 4 4 12 4 4 15 4 4 5 4 4 4 14 4 4 14 12 4 
SENSITIVITIES 3 0 0 0 2 2 0 3 2 0 3 1 1 0 0 1 1 0 2 0 3 0 0 0 0 2 0 0 0 1 0 0 1 0 2 0 0 0 0 0 0 0 2 0 2 0 0 0 0 2 0 0 1 1 0 0 1 0 0 0 2 0 0 1 
INPUTS 0 15 15 15 0 15 15 15 
GENOME 46
FITNESS 7
BEST_OUTPUT 48
MASKS 11 10 0 4 15 12 4 4 15 4 4 15 15 4 4 4 6 4 4 12 12 4 4 9 4 4 4 4 4 5 7 4 7 4 9 4 4 4 4 6 4 4 6 4 4 15 4 4 4 4 4 15 14 4 12 11 4 5 4 4 4 4 4 4 
SENSITIVITIES 2 1 0 0 2 0 0 1 0 0 0 0 0 2 0 0 3 0 0 3 3 0 0 0 0 3 1 0 0 0 0 0 1 0 0 1 2 0 0 0 2 2 2 0 0 2 0 3 0 0 0 3 0 0 0 0 0 0 1 3 0 0 0 3 
INPUTS 0 15 15 15 0 15 15 15 
GENOME 47
FITNESS 7
BEST_OUTPUT 80
MASKS 4 4 4 4 6 4 4 4 4 4 4 5 5 4 4 4 6 4 4 12 4 12 4 4 4 4 4 4 4 4 4 4 12 4 4 4 12 4 4 4 4 4 4 6 4 4 4 4 4 8 4 4 4 4 12 4 4 4 0 4 4 6 4 4 
SENSITIVITIES 2 0 0 0 0 0 0 0 0 0 3 1 0 0 0 0 3 0 0 0 3 0 2 0 0 0 0 0 0 0 0 0 0 0 0 0 0 0 0 2 0 0 2 0 0 0 0 0 0 2 0 1 1 0 0 0 2 0 0 0 0 0 0 2 
INPUTS 0 15 15 15 0 15 15 15 
GENOME 48
FITNESS 7
BEST_OUTPUT 80
MASKS 4 4 4 4 4 4 0 4 15 4 4 4 0 4 4 4 0 6 4 4 0 4 6 0 4 4 0 4 4 4 4 6 6 4 4 6 11 4 12 6 4 4 4 12 4 4 9 4 4 4 4 4 14 12 4 4 4 11 4 4 4 14 4 1 
SENSITIVITIES 2 1 0 0 2 1 2 0 0 1 0 0 0 0 0 0 0 1 3 0 2 0 0 0 0 0 0 0 3 0 0 1 1 0 0 0 0 0 3 0 0 3 0 3 0 0 2 2 0 1 2 0 0 0 0 0 1 0 3 1 0 0 1 0 
INPUTS 0 15 15 15 0 15 15 15 
GENOME 49
FITNESS 7
BEST_OUTPUT 80
MASKS 9 4 4 4 4 4 4 4 4 15 1 4 14 4 12 4 0 4 4 4 4 4 4 4 0 4 4 4 4 4 4 6 12 4 4 4 4 4 12 4 4 2 5 12 4 4 8 4 12 4 4 8 4 4 4 4 13 4 12 4 4 14 6 4 
SENSITIVITIES 1 0 0 2 1 3 0 0 0 0 1 1 2 0 0 1 0 1 1 2 3 0 0 0 0 1 0 0 0 1 0 0 0 2 0 1 2 0 0 3 0 3 2 0 1 0 0 0 0 2 0 1 3 0 0 2 2 0 0 2 0 0 3 1 
INPUTS 0 15 15 15 0 15 15 15 
GENOME 50
FITNESS 7
BEST_OUTPUT 96
MASKS 5 4 4 12 6 4 4 15 5 4 4 5 4 4 4 4 1 6 4 4 4 12 4 9 4 4 4 0 4 5 4 4 13 5 4 6 4 4 4 4 4 4 4 4 4 4 4 4 4 12 5 4 4 4 5 4 4 4 4 4 4 12 4 1 
SENSITIVITIES 0 0 0 0 0 0 2 0 0 0 1 0 0 0 0 1 0 0 0 0 3 0 0 0 1 2 0 2 0 0 0 0 0 0 0 0 1 0 2 1 3 1 2 0 0 0 0 1 0 2 2 0 2 0 0 0 0 0 0 0 2 0 0 0 
INPUTS 0 15 15 15 0 15 15 15 
GENOME 51
FITNESS 7
BEST_OUTPUT 80
MASKS 4 4 3 9 13 4 0 14 4 15 1 12 15 4 7 4 0 6 4 4 0 4 0 6 4 4 4 4 6 7 4 4 7 4 4 6 4 4 4 6 4 2 6 12 4 15 4 6 5 4 4 4 4 4 12 15 4 4 0 14 4 6 4 4 
SENSITIVITIES 2 1 0 0 0 2 0 3 0 0 2 1 0 0 0 1 2 0 0 0 3 0 0 0 0 3 0 0 2 0 0 0 1 0 0 1 0 0 0 0 2 1 2 0 0 0 0 0 0 0 0 3 3 0 0 0 2 0 3 0 0 0 0 2 
INPUTS 0 15 15 15 0 15 15 15 
GENOME 52
FITNESS 7
BEST_OUTPUT 96
MASKS 5 4 4 4 4 4 4 4 5 4 4 4 5 4 4 4 6 3 6 4 4 12 4 4 4 4 4 4 4 4 4 6 7 4 4 4 4 12 4 4 0 4 4 1 4 4 4 4 4 4 4 4 4 4 5 4 0 9 4 4 0 4 5 1 
SENSITIVITIES 2 1 0 0 3 2 0 0 0 0 0 0 0 0 0 2 0 0 0 2 0 0 0 0 1 0 0 0 0 0 0 0 0 1 0 0 0 0 0 0 0 0 2 1 2 0 0 0 0 0 0 0 1 0 0 0 2 0 0 2 2 0 0 2 
INPUTS 0 15 15 15 0 15 15 15 
GENOME 53
FITNESS 7
BEST_OUTPUT 80
MASKS 4 4 0 6 4 4 4 4 5 4 4 4 15 4 4 4 6 4 4 4 4 12 4 9 4 4 5 4 4 4 4 4 7 4 5 6 6 12 6 4 4 4 6 4 4 4 4 4 4 4 4 0 4 4 5 4 4 12 4 4 4 4 5 4 
SENSITIVITIES 2 0 0 0 0 2 0 1 0 0 0 1 2 0 1 1 0 0 0 0 0 0 0 0 1 2 0 0 0 0 0 0 0 3 0 0 0 0 1 1 0 0 2 1 0 0 0 1 0 0 0 0 1 0 0 0 2 2 0 0 0 0 0 0 
INPUTS 0 15 15 15 0 15 15 15 
GENOME 54
FITNESS 7
BEST_OUTPUT 96
MASKS 4 4 4 12 4 4 4 4 5 4 4 5 15 4 4 4 1 3 4 4 4 12 4 9 4 4 4 0 4 5 12 4 7 4 4 6 4 4 4 0 4 4 4 4 4 4 4 4 4 12 4 4 4 4 5 4 4 4 4 4 4 4 4 1 
SENSITIVITIES 0 0 0 0 0 0 0 1 0 0 1 0 0 0 0 1 0 0 0 0 0 0 0 0 1 0 0 0 0 0 0 0 0 0 0 0 1 0 2 1 3 0 2 0 0 0 0 3 0 2 2 0 1 0 0 0 0 0 0 0 2 0 0 1 
INPUTS 0 15 15 15 0 15 15 15 
GENOME 55
FITNESS 7
BEST_OUTPUT 80
MASKS 5 4 3 11 4 4 4 4 6 4 4 4 0 4 4 4 6 6 4 12 4 12 4 4 6 4 4 5 4 4 4 4 13 6 4 4 4 4 4 5 4 2 4 4 4 4 4 4 12 4 4 15 4 4 5 4 13 4 14 4 4 14 12 4 
SENSITIVITIES 0 0 0 2 2 2 2 3 2 1 2 1 0 0 0 2 0 0 2 0 3 0 0 0 0 0 0 0 0 1 0 0 1 0 2 0 2 0 1 0 0 0 2 2 2 0 0 0 1 1 0 0 1 1 0 0 1 0 0 0 2 0 0 3 
INPUTS 0 15 15 15 0 15 15 15 
GENOME 56
FITNESS 7
BEST_OUTPUT 96
MASKS 4 12 6 5 6 4 4 15 4 1 4 4 4 12 4 4 1 4 4 4 4 12 4 9 5 6 4 4 4 4 4 4 13 5 4 4 4 4 6 4 4 4 4 4 4 4 4 4 4 5 4 4 4 4 5 4 4 4 15 4 4 14 4 4 
SENSITIVITIES 2 0 0 2 0 2 2 0 0 3 0 1 0 0 0 0 0 0 3 0 3 0 0 0 1 0 0 2 0 1 0 1 0 2 3 0 1 0 0 3 0 3 2 0 2 0 0 0 0 1 0 0 0 0 0 3 0 0 1 2 0 0 0 0 
INPUTS 0 15 15 15 0 15 15 15 
GENOME 57
FITNESS 7
BEST_OUTPUT 96
MASKS 4 4 4 4 4 4 4 4 4 4 4 4 4 4 4 4 6 12 4 4 4 4 4 4 5 4 4 4 4 4 4 4 12 4 4 5 4 4 4 4 4 4 4 6 4 4 12 4 4 6 4 4 4 4 5 5 4 4 12 4 12 4 5 4 
SENSITIVITIES 0 0 0 0 3 2 0 0 2 0 2 0 0 0 0 0 0 0 0 1 1 0 0 0 2 0 0 0 0 0 0 0 0 0 1 0 0 0 0 0 0 3 2 0 1 0 0 0 0 0 0 0 0 0 0 3 2 0 0 2 2 0 0 2 
INPUTS 0 15 15 15 0 15 15 15 
GENOME 58
FITNESS 7
BEST_OUTPUT 80
MASKS 4 0 6 4 4 4 4 4 5 4 4 15 15 4 5 4 4 4 5 4 6 12 4 4 12 4 4 1 4 4 4 6 13 4 4 6 4 4 14 4 4 6 4 4 5 15 4 0 5 4 5 4 14 12 5 4 13 4 4 4 4 14 5 4 
SENSITIVITIES 3 0 0 2 0 0 0 2 2 1 0 1 0 1 0 0 0 0 0 0 1 0 2 0 0 0 0 0 0 0 0 0 0 0 2 0 2 0 1 0 0 0 2 1 0 0 0 2 0 3 2 3 0 1 0 0 2 0 0 0 0 2 0 1 
INPUTS 0 15 15 15 0 15 15 15 
GENOME 59
FITNESS 7
BEST_OUTPUT 80
MASKS 4 4 4 4 13 4 4 12 4 5 4 15 15 4 4 4 5 4 4 12 3 12 4 6 4 4 4 4 4 7 4 6 7 4 4 6 4 4 4 4 4 4 6 4 4 12 4 4 5 4 4 4 14 4 12 11 4 5 0 4 4 6 4 4 
SENSITIVITIES 2 1 0 0 0 0 0 0 0 0 3 1 0 0 0 1 3 0 0 0 3 0 0 0 0 3 0 0 0 0 0 0 1 0 0 1 2 0 0 0 2 0 2 0 0 0 1 0 0 0 0 3 0 0 0 0 2 0 1 0 0 1 0 2 
INPUTS 0 15 15 15 0 15 15 15 
GENOME 60
FITNESS 7
BEST_OUTPUT 48
MASKS 11 5 4 4 4 4 4 11 4 4 4 4 4 4 4 4 6 4 4 12 4 5 4 9 4 4 0 4 4 3 4 4 12 4 4 4 4 6 6 4 4 4 4 6 5 4 9 4 4 4 4 15 4 7 5 12 4 4 4 4 12 4 5 1 
SENSITIVITIES 2 0 0 0 0 2 0 0 0 0 0 0 1 0 0 0 0 0 0 0 0 0 0 0 1 2 0 0 1 0 0 0 0 3 0 0 0 0 0 2 1 0 2 0 0 0 0 2 0 0 0 1 0 0 0 0 0 0 0 0 0 0 0 0 
INPUTS 0 15 15 15 0 15 15 15 
GENOME 61
FITNESS 7
BEST_OUTPUT 96
MASKS 11 10 4 1 4 4 4 4 4 4 4 5 4 6 4 4 6 4 4 12 4 4 4 9 4 4 4 4 4 5 7 4 12 4 4 4 4 4 4 4 8 4 4 4 4 4 4 4 4 4 4 15 4 4 5 4 4 9 4 4 4 4 4 4 
SENSITIVITIES 0 0 0 0 2 2 1 0 1 0 3 0 1 2 0 1 0 0 3 1 0 0 0 0 3 2 0 0 0 0 0 0 1 0 0 0 2 0 0 0 0 1 2 0 0 0 0 0 0 2 0 0 0 0 0 0 3 0 0 3 0 0 0 2 
INPUTS 0 15 15 15 0 15 15 15 
GENOME 62
FITNESS 7
BEST_OUTPUT 80
MASKS 9 0 4 6 4 4 4 14 4 4 4 4 15 4 7 4 1 3 4 12 2 4 4 4 0 4 4 4 14 4 4 4 7 4 4 6 4 4 4 6 8 4 6 0 4 6 9 4 4 4 4 4 0 6 5 5 13 4 12 5 4 14 6 4 
SENSITIVITIES 0 0 0 2 0 2 0 3 0 0 1 1 0 1 0 1 2 0 0 2 3 0 2 0 2 2 0 0 3 0 0 0 0 0 0 0 2 1 0 3 0 1 0 1 0 0 0 3 0 0 0 0 1 0 0 0 0 2 1 3 0 0 0 2 
INPUTS 0 15 15 15 0 15 15 15 
GENOME 63
FITNESS 7
BEST_OUTPUT 80
MASKS 4 0 4 4 4 12 4 4 5 4 4 4 12 4 4 4 6 4 4 12 4 12 4 4 4 4 4 4 6 4 4 4 12 4 4 4 4 4 4 4 4 4 5 4 4 4 4 4 4 4 4 4 4 4 14 4 4 4 15 4 4 14 4 4 
SENSITIVITIES 3 0 0 0 0 2 0 0 2 0 0 0 0 0 0 0 3 0 0 1 1 0 0 2 0 3 0 2 0 2 0 0 1 0 3 0 1 0 0 3 0 1 2 2 0 0 0 0 0 3 0 2 0 1 0 0 2 0 0 1 0 0 0 3 
INPUTS 0 15 15 15 0 15 15 15 
GENOME 64
FITNESS 7
BEST_OUTPUT 96
MASKS 4 11 4 9 4 4 4 4 15 4 4 15 4 12 4 4 6 4 4 13 4 4 4 0 4 4 4 1 4 4 7 4 8 4 4 4 4 4 4 0 4 4 4 4 4 4 4 4 4 4 6 15 4 12 5 4 4 4 4 4 0 4 4 4 
SENSITIVITIES 3 0 0 3 0 2 0 0 0 0 3 1 3 0 0 1 0 0 0 0 3 0 0 0 2 2 0 0 0 0 0 0 1 1 0 0 0 0 0 0 0 0 0 0 2 0 1 0 0 2 3 1 0 0 0 0 3 0 0 1 0 0 0 3 
INPUTS 0 15 15 15 0 15 15 15 
GENOME 65
FITNESS 7
BEST_OUTPUT 96
MASKS 4 4 4 4 6 4 4 4 15 4 4 15 0 4 4 4 6 4 4 4 4 4 4 4 4 4 4 4 4 4 4 4 15 4 4 4 5 4 4 4 4 6 4 4 4 15 4 4 5 4 4 4 5 12 4 6 4 4 4 4 4 4 4 4 
SENSITIVITIES 0 0 0 2 2 1 1 0 0 0 0 0 1 0 0 2 2 1 3 1 0 0 0 0 0 2 0 1 1 2 0 0 1 0 0 0 0 0 0 0 0 0 0 0 0 0 0 1 0 2 0 3 0 0 0 0 0 2 3 0 0 0 2 0 
INPUTS 0 15 15 15 0 15 15 15 
GENOME 66
FITNESS 7
BEST_OUTPUT 80
MASKS 4 4 4 4 4 4 4 4 5 4 4 4 4 4 4 4 6 4 4 13 12 4 12 4 4 4 4 0 4 5 7 4 12 4 4 4 4 4 4 4 4 4 4 6 4 6 4 4 4 4 4 4 4 12 5 6 4 4 4 4 4 6 6 4 
SENSITIVITIES 0 0 0 0 1 2 0 0 0 0 0 1 0 1 2 2 0 2 0 1 0 0 0 0 2 0 0 0 0 0 0 0 0 0 0 1 0 0 0 0 0 0 2 0 2 0 0 0 0 0 0 0 0 0 0 0 2 2 0 3 2 0 0 3 
INPUTS 0 15 15 15 0 15 15 15 
GENOME 67
FITNESS 7
BEST_OUTPUT 80
MASKS 9 4 4 4 4 4 4 4 15 4 1 4 15 6 4 4 0 3 4 4 4 4 4 4 0 4 4 4 6 4 4 4 7 4 4 4 4 4 12 4 4 2 6 12 4 7 9 4 4 4 4 4 4 6 5 4 13 4 12 5 4 14 6 4 
SENSITIVITIES 0 0 0 2 0 2 0 3 0 0 1 0 1 0 0 1 0 0 1 2 3 0 0 1 0 2 0 0 3 0 0 0 0 0 0 0 2 0 0 0 0 3 2 1 0 0 0 2 0 0 0 0 3 0 0 2 0 0 3 3 2 0 1 1 
INPUTS 0 15 15 15 0 15 15 15 
GENOME 68
FITNESS 7
BEST_OUTPUT 48
MASKS 4 4 3 4 6 4 4 4 15 4 4 15 4 4 4 4 6 3 4 4 4 4 4 4 4 4 4 4 4 4 4 4 15 4 4 4 5 4 12 4 8 6 4 0 4 15 4 4 5 4 4 4 5 12 4 4 4 4 4 4 4 14 4 1 
SENSITIVITIES 0 0 0 2 2 1 0 0 0 0 0 0 0 0 0 2 2 1 0 0 0 0 0 0 0 2 0 1 1 3 0 0 1 0 2 0 0 0 2 0 0 0 0 0 0 0 0 0 0 0 2 3 0 0 1 0 0 2 3 2 0 0 2 0 
INPUTS 0 15 15 15 0 15 15 15 
GENOME 69
FITNESS 7
BEST_OUTPUT 80
MASKS 4 0 3 4 4 4 4 4 4 4 4 15 15 4 6 4 4 0 4 13 6 12 4 4 4 4 12 1 4 4 7 6 8 4 4 6 4 4 14 4 4 4 4 4 5 15 4 6 5 4 5 4 14 12 5 6 4 4 4 4 4 14 5 4 
SENSITIVITIES 3 0 0 2 0 2 0 2 0 1 1 1 0 1 0 0 0 0 0 0 1 0 2 0 2 0 0 0 0 0 0 0 0 2 0 2 2 0 0 0 0 0 0 1 0 0 0 0 0 2 2 3 0 1 0 0 0 0 0 0 0 0 0 1 
INPUTS 0 15 15 15 0 15 15 15 
GENOME 70
FITNESS 7
BEST_OUTPUT 80
MASKS 4 7 4 4 4 4 4 4 15 4 4 4 4 4 4 8 1 6 6 4 4 12 4 9 4 0 2 9 6 4 5 4 7 5 4 2 4 12 12 6 0 4 4 0 4 15 4 4 5 4 6 4 4 12 5 10 4 4 4 4 5 12 4 4 
SENSITIVITIES 2 0 0 0 2 3 0 0 0 0 0 0 1 0 0 1 0 2 0 2 0 0 2 0 2 0 0 0 1 0 2 1 2 1 0 0 2 0 0 0 3 0 2 0 0 0 2 3 0 1 2 0 0 1 0 0 2 0 0 1 0 0 0 1 
INPUTS 0 15 15 15 0 15 15 15 
GENOME 71
FITNESS 7
BEST_OUTPUT 96
MASKS 5 4 4 4 4 4 4 4 5 4 4 4 5 4 4 4 6 4 4 12 4 12 4 4 4 4 4 4 4 4 6 4 12 4 4 4 4 4 4 4 0 4 4 6 4 4 4 4 4 4 4 4 4 4 5 5 0 4 4 4 0 4 5 4 
SENSITIVITIES 0 0 0 0 3 2 0 0 0 0 0 0 0 0 0 0 0 0 0 0 0 0 0 0 2 0 0 0 0 0 0 0 0 1 0 0 0 0 0 0 0 0 2 0 1 0 0 0 0 0 0 0 0 0 0 3 2 0 0 2 0 0 0 2 
INPUTS 0 15 15 15 0 15 15 15 
GENOME 72
FITNESS 7
BEST_OUTPUT 80
MASKS 4 4 4 4 4 4 4 4 4 4 4 4 4 4 4 4 1 4 4 12 4 4 12 4 4 4 4 0 4 5 4 4 12 4 4 4 4 4 12 4 4 4 4 4 4 6 4 4 4 12 4 4 4 12 5 4 4 4 4 4 4 6 4 4 
SENSITIVITIES 0 0 0 0 0 2 0 0 0 0 0 0 0 1 0 0 0 1 0 1 1 0 0 0 0 0 0 0 0 0 0 0 0 1 0 0 1 1 0 2 0 1 2 0 0 0 0 0 0 2 0 0 2 0 0 0 0 0 0 3 0 0 0 2 
INPUTS 0 15 15 15 0 15 15 15 
GENOME 73
FITNESS 7
BEST_OUTPUT 80
MASKS 6 7 4 9 4 4 4 15 5 4 4 4 4 4 4 0 6 4 6 4 4 4 4 9 4 4 2 9 5 4 4 4 7 5 4 6 4 12 12 0 4 4 4 0 4 15 4 4 5 4 6 4 4 7 5 4 4 4 14 4 4 6 4 4 
SENSITIVITIES 0 0 0 0 2 0 0 0 0 0 0 0 1 0 0 0 0 0 0 0 3 0 2 0 1 2 0 0 1 0 0 0 2 1 0 0 0 0 2 0 3 0 2 0 0 0 0 3 0 2 2 0 0 1 0 0 2 0 0 0 2 0 0 1 
INPUTS 0 15 15 15 0 15 15 15 
GENOME 74
FITNESS 7
BEST_OUTPUT 96
MASKS 4 4 4 9 4 4 4 4 5 4 12 4 4 12 4 4 6 4 4 13 2 4 4 4 4 4 4 0 4 6 7 4 8 4 4 4 4 4 4 4 4 6 4 6 1 4 4 4 4 4 4 4 4 12 5 6 4 4 4 4 4 4 4 12 
SENSITIVITIES 0 0 0 0 2 0 1 0 0 0 0 0 1 0 0 2 0 2 3 0 0 0 0 0 2 2 0 0 0 0 0 0 1 0 0 0 0 0 0 0 0 0 2 1 2 0 0 0 0 0 3 0 0 0 0 0 2 0 0 0 2 0 1 3 
INPUTS 0 15 15 15 0 15 15 15 
GENOME 75
FITNESS 7
BEST_OUTPUT 96
MASKS 11 10 6 1 4 4 4 4 4 4 4 5 4 6 4 4 4 4 5 12 6 12 4 4 4 4 4 1 4 4 7 2 13 4 4 7 4 4 4 4 4 6 4 4 4 4 4 4 4 4 4 15 14 12 5 4 4 4 4 4 4 4 5 4 
SENSITIVITIES 0 0 0 0 0 0 3 2 1 1 3 0 1 2 0 1 0 0 0 1 1 0 2 0 3 0 0 0 0 0 0 0 0 0 2 0 2 0 0 0 0 1 2 0 0 0 0 2 0 3 2 0 0 0 0 0 3 0 0 0 0 0 0 2 
INPUTS 0 15 15 15 0 15 15 15 
GENOME 76
FITNESS 7
BEST_OUTPUT 96
MASKS 4 4 4 9 4 4 4 4 15 4 4 5 4 4 4 4 4 4 5 13 4 4 4 0 4 4 4 1 4 12 4 4 12 4 4 4 4 4 4 4 4 4 4 4 4 4 4 4 4 4 5 15 5 12 4 4 4 4 4 4 0 5 4 4 
SENSITIVITIES 0 3 0 2 0 0 0 0 0 0 3 0 0 0 0 1 1 0 0 0 0 0 0 0 0 2 1 0 0 0 0 0 1 0 0 0 0 0 0 0 0 3 2 0 0 0 1 1 0 2 0 0 0 0 0 0 3 0 0 1 2 0 0 3 
INPUTS 0 15 15 15 0 15 15 15 
GENOME 77
FITNESS 7
BEST_OUTPUT 96
MASKS 4 4 4 9 4 12 4 4 15 4 5 15 4 12 4 12 6 4 4 4 2 4 4 4 4 4 4 4 5 6 4 5 12 4 4 6 4 4 12 4 4 6 4 4 1 4 4 6 4 4 4 4 4 4 5 11 4 9 4 4 4 14 4 1 
SENSITIVITIES 0 0 0 3 2 2 2 0 0 1 0 0 1 0 0 1 0 0 3 0 3 0 0 0 2 2 0 0 3 0 0 0 1 0 0 0 0 0 0 0 2 0 3 2 2 0 0 3 0 2 3 0 0 1 0 0 2 0 0 2 2 0 0 1 
INPUTS 0 15 15 15 0 15 15 15 
GENOME 78
FITNESS 7
BEST_OUTPUT 96
MASKS 4 4 3 9 4 4 4 4 5 4 4 4 4 4 12 12 6 4 0 13 2 4 4 4 15 4 4 0 4 4 4 8 8 4 4 4 4 4 4 4 4 4 4 4 3 4 4 6 4 4 4 15 4 4 5 4 4 4 12 4 0 4 4 4 
SENSITIVITIES 1 0 0 0 2 2 0 0 0 0 1 0 1 0 0 1 1 0 0 1 3 0 0 0 2 0 2 0 1 0 0 0 1 1 0 1 1 0 0 0 2 1 0 0 2 0 0 0 0 2 3 0 0 1 0 0 2 0 0 0 2 0 0 3 
INPUTS 0 15 15 15 0 15 15 15 
GENOME 79
FITNESS 7
BEST_OUTPUT 96
MASKS 4 4 4 4 4 4 6 4 5 4 4 4 4 4 12 6 6 4 4 4 4 4 4 4 4 5 4 4 4 4 4 0 4 4 4 4 4 4 12 4 4 4 4 4 4 4 4 4 4 4 4 4 4 4 4 4 4 4 12 4 4 4 4 4 
SENSITIVITIES 1 0 0 0 2 2 0 0 0 0 1 0 0 0 0 1 1 0 0 1 1 0 0 0 2 0 2 0 0 0 0 0 0 1 0 1 1 0 0 0 2 1 0 0 0 0 0 0 0 2 0 0 0 1 0 0 0 0 2 2 2 0 0 3 
INPUTS 0 15 15 15 0 15 15 15 
GENOME 80
FITNESS 7
BEST_OUTPUT 96
MASKS 4 11 3 9 4 4 4 4 15 4 4 15 4 12 4 12 6 4 4 13 2 4 4 4 15 4 4 0 4 6 7 4 8 4 4 4 4 4 4 4 4 4 4 4 1 4 4 6 4 4 6 15 4 4 5 11 4 9 4 4 0 4 4 4 
SENSITIVITIES 0 0 0 3 2 2 0 0 0 0 3 1 1 0 0 1 0 0 0 0 3 0 0 0 2 2 0 0 0 0 0 0 1 0 0 0 0 0 0 0 0 0 2 0 2 0 0 0 0 2 3 0 0 1 0 0 0 0 0 0 2 0 0 3 
INPUTS 0 15 15 15 0 15 15 15 
GENOME 81
FITNESS 7
BEST_OUTPUT 96
MASKS 4 4 4 4 4 4 4 4 4 4 6 4 4 4 4 6 6 12 4 12 4 4 6 4 5 4 4 4 4 4 4 12 8 4 4 4 4 4 4 4 4 4 4 4 4 4 4 4 4 6 4 0 4 4 5 4 4 12 12 4 12 4 4 4 
SENSITIVITIES 0 0 0 0 0 2 0 0 0 0 0 0 0 0 0 0 0 0 0 1 0 0 0 1 2 2 0 0 0 0 0 0 0 0 1 0 2 0 0 0 0 3 2 0 2 0 0 0 2 2 0 0 0 1 0 0 2 0 0 2 2 0 0 3 
INPUTS 0 15 15 15 0 15 15 15 
GENOME 82
FITNESS 7
BEST_OUTPUT 80
MASKS 4 4 4 4 6 0 4 4 4 4 4 4 4 12 4 4 1 3 4 4 4 12 4 9 4 4 4 4 4 4 4 4 15 4 4 4 5 4 12 4 4 6 4 12 4 4 4 6 5 4 4 4 5 4 5 4 4 4 4 4 4 15 4 0 
SENSITIVITIES 2 0 0 0 2 0 0 0 0 1 0 0 1 0 0 0 2 3 0 0 2 0 0 0 0 2 0 1 1 3 0 0 1 0 0 0 1 0 2 0 0 0 0 0 0 0 0 1 0 0 2 0 2 0 0 0 0 2 0 2 0 0 2 0 
INPUTS 0 15 15 15 0 15 15 15 
GENOME 83
FITNESS 7
BEST_OUTPUT 80
MASKS 4 4 4 4 4 4 6 14 15 4 4 4 4 4 4 4 1 4 6 6 2 12 0 4 4 4 2 8 4 4 0 4 7 4 4 4 0 4 12 6 4 4 4 6 4 4 9 6 5 15 4 4 15 4 5 10 13 4 5 14 4 12 4 4 
SENSITIVITIES 0 0 1 0 2 1 0 2 0 2 0 0 2 0 3 0 0 3 0 0 0 0 0 0 0 2 0 2 0 3 2 0 2 0 0 0 2 0 0 0 0 0 3 1 2 0 0 0 0 0 0 0 1 0 0 0 0 2 0 1 2 0 1 1 
INPUTS 0 15 15 15 0 15 15 15 
GENOME 84
FITNESS 7
BEST_OUTPUT 80
MASKS 11 10 4 1 4 4 4 4 15 4 4 4 4 4 4 4 6 4 4 12 4 4 4 9 4 4 4 4 4 5 7 4 7 4 9 4 4 4 0 6 8 4 4 4 4 15 4 4 4 4 4 15 4 3 5 4 4 9 4 4 4 4 4 4 
SENSITIVITIES 0 0 0 0 2 2 0 0 0 0 0 0 1 2 0 0 1 0 3 3 3 0 0 0 0 2 0 0 0 0 0 0 1 1 0 0 0 0 0 0 0 0 2 0 0 0 0 3 0 2 0 0 0 3 0 0 0 0 1 3 0 0 0 2 
INPUTS 0 15 15 15 0 15 15 15 
GENOME 85
FITNESS 7
BEST_OUTPUT 80
MASKS 4 0 4 4 4 12 4 4 5 4 12 5 12 4 4 4 6 4 4 12 4 12 4 9 4 4 4 0 2 4 12 4 7 4 4 4 4 4 4 4 4 4 4 4 4 4 4 4 4 4 4 4 4 4 12 5 4 4 4 5 4 14 4 4 
SENSITIVITIES 0 0 0 0 0 0 0 1 0 0 1 0 0 0 0 1 0 0 0 0 0 1 0 0 0 0 0 0 0 2 0 0 0 0 3 0 1 0 2 3 2 0 2 2 0 0 0 0 0 3 2 2 1 0 0 0 2 0 0 0 0 0 0 1 
INPUTS 0 15 15 15 0 15 15 15 
GENOME 86
FITNESS 7
BEST_OUTPUT 80
MASKS 11 0 4 4 4 12 4 4 6 4 4 4 14 4 4 4 1 4 4 4 4 4 4 4 4 4 5 4 4 4 7 4 12 4 4 6 4 4 0 4 4 4 4 4 4 15 9 4 4 4 4 15 4 7 5 4 4 4 4 4 4 14 4 4 
SENSITIVITIES 1 0 0 2 0 2 1 0 2 1 0 0 1 0 0 0 0 0 0 0 1 2 0 0 3 2 0 2 1 0 0 0 2 1 0 0 0 0 0 2 0 1 3 0 0 0 0 0 0 3 0 1 0 0 0 0 2 0 0 2 0 1 0 0 
INPUTS 0 15 15 15 0 15 15 15 
GENOME 87
FITNESS 7
BEST_OUTPUT 96
MASKS 4 4 4 9 4 4 4 4 4 4 4 4 4 4 6 6 0 0 4 13 2 4 4 4 4 4 4 0 4 6 7 4 8 4 4 4 4 4 12 4 4 4 13 4 4 4 4 4 4 4 6 8 4 4 4 4 4 4 4 4 4 4 4 5 
SENSITIVITIES 0 0 0 0 0 2 0 0 0 1 1 0 0 0 0 0 0 0 0 3 1 0 0 1 2 0 0 0 0 0 0 2 0 1 0 1 1 0 0 0 1 0 0 0 2 0 0 0 0 2 3 1 0 1 0 0 2 2 0 0 0 0 0 3 
INPUTS 0 15 15 15 0 15 15 15 
GENOME 88
FITNESS 7
BEST_OUTPUT 80
MASKS 4 10 4 1 4 4 4 4 15 4 4 4 4 4 4 4 6 4 4 12 4 6 4 9 4 4 4 4 4 4 6 0 7 4 4 4 4 4 0 6 0 4 4 4 4 15 4 4 4 4 4 15 4 3 5 4 4 12 4 4 4 4 4 4 
SENSITIVITIES 1 1 0 2 2 2 0 0 0 0 0 0 0 2 0 2 0 0 3 3 1 0 0 2 3 2 0 0 0 0 0 2 1 1 0 0 0 0 0 0 0 0 2 0 0 0 0 3 1 2 0 0 0 3 0 0 0 0 0 3 0 0 0 1 
INPUTS 0 15 15 15 0 15 15 15 
GENOME 89
FITNESS 7
BEST_OUTPUT 96
MASKS 4 11 4 9 4 4 4 4 5 0 4 5 4 4 6 6 6 4 4 13 3 4 4 4 4 4 4 4 4 4 4 0 12 4 4 4 4 4 4 4 0 4 4 4 4 4 12 4 4 5 6 0 4 4 5 4 4 4 4 4 0 4 6 4 
SENSITIVITIES 2 0 0 2 0 2 0 0 0 0 1 0 0 0 0 2 0 0 0 0 1 0 0 1 2 2 0 0 0 0 0 0 0 1 0 2 0 0 0 0 1 0 0 0 2 0 0 0 0 2 3 0 0 1 0 1 2 1 0 0 1 0 0 3 
INPUTS 0 15 15 15 0 15 15 15 
GENOME 90
FITNESS 7
BEST_OUTPUT 96
MASKS 4 0 4 9 4 4 4 4 5 4 4 15 4 12 4 12 6 4 5 14 2 4 4 4 4 12 4 0 4 4 4 4 8 4 4 4 4 4 4 4 4 4 0 4 4 5 4 6 4 4 6 4 4 4 5 4 4 9 4 4 0 6 4 4 
SENSITIVITIES 0 1 2 1 3 2 0 0 0 0 3 1 1 0 0 1 1 2 0 0 3 0 0 0 0 2 0 0 0 1 0 2 1 0 0 1 0 0 0 3 0 0 0 0 2 0 0 0 0 0 2 0 1 1 0 1 2 0 0 0 2 0 0 3 
INPUTS 0 15 15 15 0 15 15 15 
GENOME 91
FITNESS 7
BEST_OUTPUT 80
MASKS 4 7 5 9 4 4 4 4 5 4 4 4 4 4 4 4 6 0 5 4 4 4 4 4 4 4 4 4 5 0 4 4 12 5 0 6 5 12 12 0 4 4 4 0 4 14 4 4 5 4 6 4 4 4 5 4 4 4 14 4 4 4 4 4 
SENSITIVITIES 0 0 2 0 2 0 0 0 0 0 0 0 2 0 0 2 0 0 0 2 0 0 0 0 2 0 0 1 1 0 1 0 2 0 0 0 0 0 0 0 0 0 2 0 0 0 0 3 0 0 0 0 0 0 0 0 0 0 0 0 2 0 0 1 
INPUTS 0 15 15 15 0 15 15 15 
GENOME 92
FITNESS 7
BEST_OUTPUT 80
MASKS 4 4 4 9 4 4 0 4 4 15 6 4 15 12 7 6 0 12 4 4 4 4 0 4 0 4 4 4 6 4 4 4 7 4 4 4 9 4 4 6 8 6 6 4 4 12 9 4 5 6 4 4 4 4 10 11 13 4 12 14 12 14 6 4 
SENSITIVITIES 2 1 0 0 0 2 0 3 0 0 1 0 0 0 0 1 2 0 0 3 3 0 0 1 2 0 0 0 0 0 0 0 0 0 0 0 0 0 0 0 0 3 2 1 0 0 0 0 0 0 0 3 0 1 0 0 2 2 3 2 0 0 1 3 
INPUTS 0 15 15 15 0 15 15 15 
GENOME 93
FITNESS 7
BEST_OUTPUT 96
MASKS 4 4 4 4 4 4 4 4 4 4 4 4 4 4 12 6 0 4 4 12 0 4 4 4 4 4 4 0 4 4 4 0 9 4 4 4 4 4 12 4 4 4 13 4 4 4 4 4 4 4 4 8 4 12 4 4 4 12 12 4 4 4 4 5 
SENSITIVITIES 0 0 0 0 0 2 0 0 0 0 1 0 0 0 0 1 0 0 0 1 1 0 0 0 0 1 0 0 0 0 0 2 0 1 0 0 0 0 0 3 1 0 0 0 0 0 0 0 0 2 0 1 0 0 0 0 2 0 0 1 0 0 0 3 
INPUTS 0 15 15 15 0 15 15 15 
GENOME 94
FITNESS 7
BEST_OUTPUT 80
MASKS 4 4 6 4 6 4 12 4 4 4 4 5 14 4 4 4 6 3 4 4 4 6 4 4 0 4 4 0 5 4 4 6 12 0 4 4 5 4 12 4 8 4 4 0 4 15 4 4 5 4 4 4 5 12 14 11 0 4 4 4 4 12 4 4 
SENSITIVITIES 1 0 0 2 2 2 0 0 0 0 1 0 0 0 0 2 2 0 1 0 0 0 0 0 0 2 0 1 0 3 2 0 0 0 2 0 0 0 2 0 2 3 0 0 0 0 0 2 0 3 2 3 0 0 1 0 0 2 0 2 0 0 0 1 
INPUTS 0 15 15 15 0 15 15 15 
GENOME 95
FITNESS 7
BEST_OUTPUT 80
MASKS 4 4 5 4 4 4 4 14 5 4 4 4 12 4 4 4 0 4 4 12 4 12 4 4 4 4 0 0 6 4 4 4 7 4 4 4 11 4 4 4 4 4 5 4 4 4 4 4 4 4 4 4 14 4 10 4 15 4 4 4 4 14 4 7 
SENSITIVITIES 3 0 0 2 0 2 0 3 0 0 0 0 0 0 0 0 2 0 0 0 1 0 0 2 0 3 0 2 0 2 0 0 0 0 0 0 0 0 0 3 0 1 0 2 0 0 0 0 0 3 0 0 2 1 0 2 2 0 2 2 0 0 0 1 
INPUTS 0 15 15 15 0 15 15 15 
GENOME 96
FITNESS 7
BEST_OUTPUT 80
MASKS 8 8 6 4 6 4 4 4 5 1 4 4 14 4 4 4 1 4 4 12 4 12 4 4 4 4 4 4 6 4 4 4 12 4 4 4 4 4 6 4 4 4 5 6 4 4 8 4 5 4 4 4 14 4 14 4 4 4 15 4 4 14 6 4 
SENSITIVITIES 1 0 0 2 0 2 0 0 0 0 0 1 0 0 0 0 0 0 0 0 3 0 2 2 3 0 0 0 0 1 0 0 0 2 3 0 0 0 0 3 0 3 2 0 0 2 0 0 0 3 0 0 0 0 0 3 2 0 1 2 0 0 0 1 
INPUTS 0 15 15 15 0 15 15 15 
GENOME 97
FITNESS 7
BEST_OUTPUT 80
MASKS 5 8 6 4 4 4 4 6 5 0 4 4 14 4 4 4 6 4 4 12 4 12 0 4 4 4 4 4 4 4 6 4 12 4 4 4 4 4 4 4 0 12 5 6 4 4 8 4 5 4 4 4 14 4 14 5 0 4 15 4 4 14 6 4 
SENSITIVITIES 1 0 0 2 3 2 0 0 0 0 0 1 0 0 0 0 0 0 0 0 3 0 0 0 3 0 0 0 0 0 0 1 0 1 3 0 0 0 0 3 0 3 2 0 0 3 0 0 0 0 0 0 0 0 0 3 2 0 1 2 0 0 0 1 
INPUTS 0 15 15 15 0 15 15 15 
GENOME 98
FITNESS 7
BEST_OUTPUT 96
MASKS 4 11 3 9 4 4 4 4 4 4 4 5 4 4 6 4 6 0 4 13 2 4 4 4 4 4 4 4 4 6 7 4 8 4 4 4 4 4 12 4 4 4 4 4 4 4 12 6 4 4 6 4 4 4 5 4 4 4 4 0 0 4 4 4 
SENSITIVITIES 2 0 0 2 0 2 0 0 0 0 1 0 0 0 0 0 0 0 0 0 1 0 0 1 2 0 0 0 0 0 2 0 0 0 0 2 1 0 0 0 0 0 0 0 2 0 0 0 0 2 3 0 0 1 0 0 2 0 0 0 1 0 0 3 
INPUTS 0 15 15 15 0 15 15 15 
GENOME 99
FITNESS 7
BEST_OUTPUT 96
MASKS 4 4 4 4 4 4 4 4 5 4 4 4 4 4 4 4 6 4 4 12 4 4 4 4 4 4 4 6 4 4 4 0 12 4 4 4 4 4 4 4 4 4 4 4 4 4 12 4 4 4 5 4 4 4 5 4 4 4 4 4 4 4 4 4 
SENSITIVITIES 2 0 0 0 2 2 0 0 0 0 3 1 0 0 0 2 0 0 2 1 0 0 0 0 0 2 0 0 0 0 0 2 1 0 0 1 0 0 0 3 0 0 2 0 0 2 0 0 0 0 2 0 0 0 0 2 2 0 2 2 2 0 0 3 
INPUTS 0 15 15 15 0 15 15 15 
GENOME 100
FITNESS 7
BEST_OUTPUT 96
MASKS 4 4 4 6 4 4 4 4 5 4 4 4 4 4 12 6 6 4 4 12 4 4 4 4 4 4 5 4 4 4 4 0 12 4 4 4 4 4 4 4 0 4 4 4 4 4 4 4 4 4 4 0 4 4 5 4 4 12 4 4 4 4 4 4 
SENSITIVITIES 1 0 0 2 3 2 0 0 0 0 1 0 0 0 0 2 0 0 0 1 0 0 0 0 3 2 0 0 0 0 0 2 0 1 0 1 0 0 0 3 0 0 0 0 0 0 0 0 0 2 2 0 0 1 0 0 2 0 0 2 2 0 0 3 
INPUTS 0 15 15 15 0 15 15 15 
GENOME 101
FITNESS 7
BEST_OUTPUT 96
MASKS 4 4 0 6 4 4 4 4 5 4 4 4 15 4 4 4 6 4 6 4 4 4 4 9 4 4 5 4 4 4 4 6 7 4 5 6 6 12 4 0 4 4 4 4 4 4 4 4 4 4 4 0 4 4 5 4 4 12 4 4 4 4 4 1 
SENSITIVITIES 2 0 0 0 0 2 0 1 0 0 1 2 1 0 0 2 0 0 0 0 0 0 0 0 1 2 0 0 0 0 0 0 0 1 0 0 1 0 1 3 0 0 0 1 0 0 0 0 0 3 2 0 1 1 0 0 2 0 0 0 2 0 0 3 
INPUTS 0 15 15 15 0 15 15 15 
GENOME 102
FITNESS 7
BEST_OUTPUT 96
MASKS 4 4 4 4 4 4 4 4 4 4 4 5 4 6 4 4 6 4 12 12 4 4 4 4 4 4 4 0 4 5 4 0 12 4 4 4 4 4 12 4 8 4 4 4 4 4 4 4 4 4 4 4 4 5 4 4 4 9 4 4 4 4 4 4 
SENSITIVITIES 0 0 0 2 0 2 0 0 1 0 3 0 0 0 0 1 0 0 3 0 1 0 2 0 3 2 0 0 0 0 0 0 0 0 2 0 2 0 0 0 2 0 2 0 0 0 0 1 0 0 2 0 2 0 0 0 0 2 2 0 1 0 0 2 
INPUTS 0 15 15 15 0 15 15 15 
GENOME 103
FITNESS 7
BEST_OUTPUT 96
MASKS 4 4 3 12 6 4 4 4 5 4 4 4 4 4 4 12 6 4 4 4 2 4 4 4 4 4 4 8 4 4 4 4 8 4 4 6 6 4 4 0 4 4 4 4 4 4 4 4 4 4 4 15 4 4 5 4 4 4 12 4 0 4 4 1 
SENSITIVITIES 2 0 0 0 0 2 0 0 0 0 0 2 1 0 1 2 1 2 3 2 3 0 0 0 1 2 2 0 1 0 0 0 1 1 2 0 1 0 0 0 2 0 0 0 2 0 0 0 0 0 2 0 1 1 0 0 2 0 0 0 2 0 0 3 
INPUTS 0 15 15 15 0 15 15 15 
GENOME 104
FITNESS 7
BEST_OUTPUT 96
MASKS 4 4 4 4 4 4 4 4 4 4 4 5 4 4 4 4 6 4 4 4 4 4 4 4 4 4 12 0 1 4 4 0 12 0 4 4 4 4 12 4 4 4 4 4 4 4 4 4 4 4 4 4 4 4 4 4 4 4 4 4 4 4 4 4 
SENSITIVITIES 1 0 0 2 0 2 0 0 0 2 1 0 0 0 0 0 0 0 0 0 1 0 0 0 1 0 0 0 0 0 0 0 0 0 2 0 1 0 0 0 2 0 0 0 0 0 0 0 0 0 2 0 0 0 0 0 0 0 0 0 1 0 2 0 
INPUTS 0 15 15 15 0 15 15 15 
GENOME 105
FITNESS 7
BEST_OUTPUT 96
MASKS 4 4 4 4 4 4 6 4 4 4 4 5 4 4 12 4 6 4 4 5 4 12 4 4 4 5 12 0 4 4 4 0 4 4 4 6 4 4 12 4 4 4 4 4 4 4 4 4 4 4 4 4 4 4 4 4 4 4 4 4 4 4 4 4 
SENSITIVITIES 1 0 0 2 2 2 0 0 0 2 3 0 0 0 0 1 1 0 0 0 1 0 0 0 1 0 2 0 0 0 0 0 2 1 0 1 1 0 0 0 2 0 0 0 0 0 0 0 0 2 0 0 0 0 0 0 0 0 2 2 2 0 2 0 
INPUTS 0 15 15 15 0 15 15 15 
GENOME 106
FITNESS 7
BEST_OUTPUT 80
MASKS 4 4 4 7 4 4 4 4 4 13 4 15 14 4 12 6 0 4 4 4 0 4 4 4 0 4 4 4 4 4 4 6 12 4 4 4 4 4 4 4 4 8 5 4 4 4 8 4 4 15 4 8 4 4 4 4 4 4 15 4 4 14 6 4 
SENSITIVITIES 1 0 0 0 0 3 0 0 0 0 1 1 0 0 0 1 0 0 0 1 1 0 2 0 0 1 0 0 0 1 0 0 2 2 2 0 0 0 0 3 1 3 3 0 0 0 0 0 0 2 0 1 0 0 0 0 2 0 0 2 0 0 0 1 
INPUTS 0 15 15 15 0 15 15 15 
GENOME 107
FITNESS 7
BEST_OUTPUT 96
MASKS 4 5 4 4 4 4 12 4 5 4 4 4 4 4 4 4 6 4 4 12 4 4 4 4 6 4 0 4 4 4 4 0 12 4 4 4 4 4 4 4 4 4 4 4 4 4 12 4 4 4 5 4 4 7 5 4 4 9 4 4 4 4 4 4 
SENSITIVITIES 2 0 0 0 2 2 0 0 0 0 2 1 1 0 0 0 0 0 2 3 0 0 0 0 1 2 0 0 1 1 0 0 1 0 0 1 1 0 1 2 0 3 2 0 2 2 0 0 0 0 2 0 0 0 0 0 2 0 2 2 0 0 0 3 
INPUTS 0 15 15 15 0 15 15 15 
GENOME 108
FITNESS 7
BEST_OUTPUT 80
MASKS 4 0 6 4 4 4 4 4 4 4 4 15 4 4 5 4 7 4 4 4 4 12 4 4 4 4 4 1 1 4 4 6 13 0 4 4 4 4 14 4 4 4 4 4 5 15 4 0 4 4 4 4 4 12 5 4 4 4 4 4 4 4 4 4 
SENSITIVITIES 3 0 0 2 0 2 0 2 0 2 0 0 0 2 0 0 0 0 0 0 1 0 0 0 0 0 0 0 0 1 0 0 0 2 2 0 2 0 1 0 2 0 2 1 2 0 0 2 0 0 2 0 0 1 0 0 2 0 1 0 0 2 0 1 
INPUTS 0 15 15 15 0 15 15 15 
GENOME 109
FITNESS 7
BEST_OUTPUT 96
MASKS 4 4 4 4 4 12 4 4 5 4 5 15 15 4 5 4 4 4 4 4 6 12 4 4 12 4 6 4 5 4 4 5 12 4 4 6 4 4 12 4 4 4 4 0 12 15 4 6 4 4 5 4 14 4 5 4 4 4 4 6 4 14 5 1 
SENSITIVITIES 3 0 0 2 0 0 0 0 2 0 0 1 1 0 0 0 1 0 3 0 0 0 0 0 0 0 0 0 3 0 0 0 2 0 0 0 2 0 1 0 2 3 2 2 0 2 0 2 0 3 2 3 0 1 0 0 0 0 0 0 0 0 0 1 
INPUTS 0 15 15 15 0 15 15 15 
GENOME 110
FITNESS 7
BEST_OUTPUT 96
MASKS 4 4 0 12 6 4 4 4 5 4 4 12 15 4 4 5 4 4 4 4 4 4 4 9 4 4 4 4 4 4 4 4 12 4 4 6 13 4 4 0 4 4 4 4 4 4 4 4 4 4 4 4 4 4 4 6 4 4 4 4 4 4 4 1 
SENSITIVITIES 2 0 0 0 0 2 0 0 0 0 0 0 1 0 0 2 0 2 3 2 0 0 0 0 1 2 0 0 0 0 0 0 1 1 0 0 0 0 0 1 0 0 0 1 0 0 0 1 0 0 2 0 1 1 0 0 2 0 0 0 2 0 0 1 
INPUTS 0 15 15 15 0 15 15 15 
GENOME 111
FITNESS 7
BEST_OUTPUT 80
MASKS 4 4 4 4 13 4 4 12 4 4 4 5 15 4 4 4 5 4 4 12 3 12 4 6 4 4 4 0 4 4 4 6 12 4 4 6 4 4 4 4 4 4 4 4 4 12 4 4 5 8 4 4 4 0 12 11 4 4 0 4 4 6 4 4 
SENSITIVITIES 0 1 0 0 1 0 0 0 0 0 3 1 0 0 0 1 3 0 0 0 3 0 2 0 0 3 0 0 0 0 0 0 1 0 0 0 2 0 0 0 2 0 2 0 0 0 1 0 0 2 0 0 1 0 0 0 2 0 1 0 0 1 0 2 
INPUTS 0 15 15 15 0 15 15 15 
GENOME 112
FITNESS 7
BEST_OUTPUT 80
MASKS 4 4 3 4 6 4 4 14 15 7 1 15 4 4 7 4 6 3 4 4 4 4 0 4 4 4 2 0 4 4 1 4 15 6 4 4 11 4 12 6 4 6 4 0 1 15 9 4 12 15 4 4 5 12 10 4 13 4 4 4 4 14 4 1 
SENSITIVITIES 0 0 0 2 0 1 0 3 0 0 1 1 0 0 0 2 2 0 0 0 0 0 0 0 0 2 0 1 1 3 0 0 0 0 2 0 0 0 2 0 0 0 0 0 1 0 0 0 0 0 2 3 1 0 0 0 0 2 3 2 0 0 2 0 
INPUTS 0 15 15 15 0 15 15 15 
GENOME 113
FITNESS 7
BEST_OUTPUT 96
MASKS 4 4 4 4 4 4 4 4 5 4 4 4 4 4 12 6 6 4 4 12 4 4 4 4 4 4 4 4 4 4 4 0 12 4 4 4 4 4 4 5 4 4 5 4 4 4 4 4 4 4 5 0 4 4 5 4 4 12 4 4 4 4 4 4 
SENSITIVITIES 1 0 0 0 3 2 0 0 2 0 1 0 0 1 0 2 0 0 0 1 2 0 0 0 3 2 0 0 0 0 0 2 0 1 0 1 0 0 0 3 0 0 2 2 0 2 0 0 0 2 3 0 0 0 0 2 2 0 0 2 2 0 0 3 
INPUTS 0 15 15 15 0 15 15 15 
GENOME 114
FITNESS 7
BEST_OUTPUT 96
MASKS 4 11 3 9 4 4 4 4 14 4 4 14 4 12 4 6 6 4 12 13 4 4 4 0 15 4 4 0 4 6 7 4 8 4 4 4 4 4 4 0 4 4 4 4 4 4 4 6 4 4 6 15 4 12 5 4 4 4 4 4 0 4 4 4 
SENSITIVITIES 1 0 0 3 0 2 0 0 0 0 3 1 2 0 0 1 0 0 0 0 3 0 0 0 2 2 0 0 0 0 0 0 1 0 0 0 0 0 0 2 0 0 0 0 2 0 0 0 0 2 3 0 0 3 0 0 0 0 0 1 2 0 0 3 
INPUTS 0 15 15 15 0 15 15 15 
GENOME 115
FITNESS 7
BEST_OUTPUT 80
MASKS 4 10 3 9 4 4 4 4 15 4 4 15 4 4 4 4 6 4 4 12 4 6 4 9 15 4 4 4 4 6 7 0 8 4 4 4 4 4 0 6 4 4 0 4 4 15 4 6 4 4 4 15 4 3 5 4 4 12 4 4 4 4 4 4 
SENSITIVITIES 1 0 0 3 2 2 0 0 0 0 3 1 0 0 0 1 0 0 0 3 1 0 0 2 3 2 0 0 0 0 0 0 1 1 0 0 0 0 0 0 0 0 2 0 0 0 0 3 0 2 0 0 0 3 0 0 0 0 0 0 2 0 0 3 
INPUTS 0 15 15 15 0 15 15 15 
GENOME 116
FITNESS 7
BEST_OUTPUT 96
MASKS 4 4 4 4 4 4 4 4 15 4 4 4 4 4 4 4 1 4 6 6 2 12 4 4 4 4 2 4 6 4 4 4 12 5 4 4 9 4 12 6 8 4 4 4 4 4 4 4 5 13 4 4 4 12 5 10 13 4 4 14 0 12 4 4 
SENSITIVITIES 3 0 0 1 0 1 0 0 0 2 0 1 1 0 0 0 0 0 0 0 0 0 0 0 0 0 0 2 3 3 0 0 1 1 0 0 2 0 1 0 0 0 2 0 0 0 2 0 0 2 0 0 0 0 0 0 0 2 0 1 2 0 0 1 
INPUTS 0 15 15 15 0 15 15 15 
GENOME 117
FITNESS 7
BEST_OUTPUT 96
MASKS 4 4 3 4 4 4 4 4 4 4 4 4 4 4 4 12 6 12 0 5 2 4 4 4 5 4 4 0 4 4 4 8 8 4 4 4 4 4 4 4 4 12 4 4 3 4 4 6 4 4 0 0 4 4 5 4 4 12 12 5 0 4 4 4 
SENSITIVITIES 1 0 0 0 2 2 0 0 0 0 2 0 1 0 0 0 1 0 0 0 0 0 0 0 2 0 2 0 1 1 0 0 2 0 0 1 2 0 0 0 0 3 2 1 2 0 0 0 0 2 3 0 0 1 0 2 2 0 0 0 2 0 0 3 
INPUTS 0 15 15 15 0 15 15 15 
GENOME 118
FITNESS 7
BEST_OUTPUT 96
MASKS 4 0 4 4 4 4 4 4 5 0 4 4 12 4 4 12 6 4 5 14 4 4 4 4 4 12 4 0 4 4 4 4 12 4 4 4 4 4 4 4 4 4 4 4 4 5 4 4 12 4 5 4 4 4 7 4 4 4 4 4 4 6 4 4 
SENSITIVITIES 0 1 2 1 3 0 0 0 0 0 0 0 2 0 0 1 1 2 0 0 0 0 0 0 0 2 0 0 0 1 0 2 1 0 0 0 0 0 0 3 0 0 0 0 2 0 0 0 0 0 2 0 0 1 0 1 2 0 0 1 2 0 0 3 
INPUTS 0 15 15 15 0 15 15 15 
GENOME 119
FITNESS 7
BEST_OUTPUT 80
MASKS 9 4 4 9 4 4 4 0 15 15 0 5 15 12 7 4 4 3 5 4 0 4 4 4 4 4 4 4 4 4 4 4 7 4 4 4 4 4 12 6 8 4 6 12 4 15 4 4 4 4 5 4 4 4 4 4 4 4 14 14 4 4 6 4 
SENSITIVITIES 0 3 0 0 0 2 0 3 0 0 1 0 2 0 0 1 1 0 0 3 0 0 0 0 0 2 0 0 0 0 1 0 2 0 0 0 0 0 1 0 0 2 0 1 0 0 0 1 0 0 0 0 0 0 0 2 2 0 1 2 2 0 0 1 
INPUTS 0 15 15 15 0 15 15 15 
GENOME 120
FITNESS 7
BEST_OUTPUT 96
MASKS 9 4 4 4 4 4 4 4 15 4 1 4 0 6 4 4 6 4 4 4 4 4 4 4 0 4 4 4 4 5 4 4 7 4 4 5 4 4 12 4 4 6 4 12 4 4 4 4 4 4 4 4 4 12 13 4 4 4 12 5 0 4 6 4 
SENSITIVITIES 0 0 0 0 0 2 1 2 0 0 0 0 1 0 0 2 1 2 1 2 3 0 0 1 0 2 0 0 3 0 0 0 1 0 0 0 1 0 0 0 0 3 2 1 0 0 0 2 0 0 0 0 0 0 0 2 0 0 3 3 0 0 3 1 
INPUTS 0 15 15 15 0 15 15 15 
GENOME 121
FITNESS 7
BEST_OUTPUT 96
MASKS 4 4 4 4 4 4 6 4 5 4 4 5 4 4 4 6 6 4 4 4 4 4 4 4 4 5 12 0 1 4 4 0 12 0 4 4 4 5 12 0 4 4 4 4 4 4 4 4 4 4 4 4 4 4 4 4 4 4 4 4 4 4 4 4 
SENSITIVITIES 1 0 0 0 0 2 0 0 0 2 1 0 0 0 0 0 1 0 2 0 1 0 0 0 1 0 2 0 0 0 0 0 1 0 0 1 1 0 0 0 2 1 0 0 0 0 0 0 0 2 2 0 0 0 0 0 0 0 2 2 2 0 3 3 
INPUTS 0 15 15 15 0 15 15 15 
GENOME 122
FITNESS 7
BEST_OUTPUT 80
MASKS 4 4 4 6 4 4 4 14 5 4 4 4 4 4 12 4 6 3 4 12 4 4 1 4 4 4 2 4 4 4 4 0 12 6 4 6 15 4 12 4 0 4 4 4 4 4 4 4 4 4 4 0 4 12 10 4 4 12 4 4 4 14 6 0 
SENSITIVITIES 1 1 0 0 2 2 0 0 0 0 1 1 0 0 0 2 2 1 0 2 0 0 0 0 3 0 0 0 0 0 0 0 0 1 0 0 2 0 0 3 0 0 0 1 0 0 0 0 0 2 2 0 0 1 0 0 0 0 3 2 0 0 0 2 
INPUTS 0 15 15 15 0 15 15 15 
GENOME 123
FITNESS 7
BEST_OUTPUT 80
MASKS 4 4 4 6 4 4 4 14 5 4 4 4 4 4 12 4 6 3 4 12 4 4 1 4 4 4 2 4 4 4 4 0 12 6 4 6 15 4 8 4 0 4 4 4 4 4 4 4 4 4 4 0 4 12 10 4 4 12 4 4 4 14 6 0 
SENSITIVITIES 1 1 0 0 2 2 0 0 0 0 3 1 0 0 0 2 2 1 0 2 0 0 0 0 3 0 0 0 0 0 0 0 0 1 0 0 2 0 0 3 0 0 0 1 0 0 0 0 0 2 2 0 0 1 0 0 0 0 3 2 0 0 0 2 
INPUTS 0 15 15 15 0 15 15 15 
GENOME 124
FITNESS 7
BEST_OUTPUT 96
MASKS 4 12 0 12 4 4 4 4 5 4 4 4 15 4 4 4 1 3 6 4 4 4 4 9 4 4 4 4 4 4 4 6 7 4 4 6 4 12 4 0 4 4 4 1 4 4 4 4 4 4 4 4 4 4 5 4 4 9 4 4 4 4 4 1 
SENSITIVITIES 2 0 0 0 0 2 0 1 0 0 0 0 1 0 2 2 0 3 0 0 0 0 0 0 1 2 0 0 0 0 0 0 2 1 0 0 1 0 0 1 3 0 2 1 0 0 0 3 0 3 2 0 1 1 0 0 2 0 0 0 2 0 0 1 
INPUTS 0 15 15 15 0 15 15 15 
GENOME 125
FITNESS 7
BEST_OUTPUT 80
MASKS 4 4 6 4 4 4 4 4 5 4 4 15 15 0 5 4 4 4 5 4 0 4 4 4 4 4 4 1 4 4 4 5 12 4 4 4 4 4 14 4 4 4 4 4 5 15 4 4 4 8 5 4 4 4 4 4 13 4 4 4 4 14 4 4 
SENSITIVITIES 3 0 0 2 0 0 0 0 2 1 0 0 0 0 0 0 1 0 0 0 0 0 2 0 0 2 0 0 0 0 0 0 0 0 2 0 2 0 0 0 0 3 2 0 0 0 0 2 0 2 0 0 0 1 0 0 2 0 0 0 0 2 0 3 
INPUTS 0 15 15 15 0 15 15 15 
GENOME 126
FITNESS 7
BEST_OUTPUT 80
MASKS 4 11 3 13 4 4 4 14 5 5 4 4 4 12 12 4 6 3 4 12 2 4 1 4 4 4 2 0 4 4 4 0 12 6 4 6 15 4 5 4 4 4 4 4 1 4 4 4 4 4 4 0 4 4 10 4 4 9 4 4 4 14 6 4 
SENSITIVITIES 1 0 2 0 2 2 0 0 0 0 3 1 1 0 0 2 0 0 0 2 0 0 0 0 3 2 0 0 0 0 0 0 0 0 0 0 0 0 0 3 0 0 0 0 0 0 0 0 0 2 2 0 0 1 0 0 0 0 3 0 0 0 0 2 
INPUTS 0 15 15 15 0 15 15 15 
GENOME 127
FITNESS 7
BEST_OUTPUT 96
MASKS 4 4 6 4 6 4 4 4 5 4 1 4 0 4 4 4 6 4 4 4 4 4 4 4 4 4 0 4 6 4 4 4 12 4 4 6 5 4 4 4 4 6 4 0 4 4 4 4 4 4 5 4 0 12 4 6 4 4 4 4 4 4 4 4 
SENSITIVITIES 0 3 0 0 2 0 1 0 0 1 2 0 0 0 0 3 0 0 2 2 2 2 0 2 0 2 0 0 0 0 0 2 1 0 0 0 0 0 0 0 0 3 0 1 0 0 0 1 0 0 0 0 0 0 0 3 2 0 0 2 0 0 1 1 
INPUTS 0 15 15 15 0 15 15 15 
GENOME 128
FITNESS 7
BEST_OUTPUT 80
MASKS 4 4 4 4 4 4 6 12 4 5 1 15 15 4 4 4 0 0 4 12 4 12 4 0 4 4 4 0 4 7 4 6 7 6 4 4 0 4 12 6 4 4 6 0 0 12 9 4 5 15 4 4 14 4 12 3 13 5 0 4 4 14 6 6 
SENSITIVITIES 2 1 0 0 0 1 0 2 0 0 3 0 0 0 1 0 3 0 0 0 3 0 0 0 0 0 0 0 3 0 0 0 1 0 0 0 2 0 0 0 2 1 0 0 0 0 0 0 0 0 0 0 1 0 0 0 0 3 1 0 0 1 0 2 
INPUTS 0 15 15 15 0 15 15 15 
GENOME 129
FITNESS 7
BEST_OUTPUT 96
MASKS 9 4 4 9 4 4 4 4 15 4 12 4 15 6 4 4 6 3 4 13 2 4 4 4 0 4 4 4 4 4 4 4 7 0 4 4 4 4 12 4 4 6 6 12 4 4 4 4 4 4 4 4 4 6 5 6 13 4 12 4 4 4 6 4 
SENSITIVITIES 0 0 0 0 2 2 1 0 0 0 1 0 1 0 0 1 0 0 0 2 0 0 0 1 0 2 0 0 3 0 0 2 0 0 0 0 2 0 0 1 0 3 2 1 0 0 0 0 2 0 0 0 2 0 0 0 2 0 0 3 2 0 1 1 
INPUTS 0 15 15 15 0 15 15 15 
GENOME 130
FITNESS 7
BEST_OUTPUT 80
MASKS 11 0 4 4 4 4 4 4 4 4 4 5 11 4 4 4 6 4 5 12 4 12 0 4 12 4 4 4 4 5 4 4 13 4 6 6 4 4 14 4 4 6 4 4 5 4 4 0 5 4 5 15 14 12 5 4 4 9 4 4 4 14 5 4 
SENSITIVITIES 2 0 0 0 2 0 3 0 2 0 3 0 1 1 0 1 0 0 3 0 1 0 0 0 0 2 0 0 0 0 2 0 0 0 2 0 2 0 1 0 0 0 2 0 0 0 0 2 0 3 2 0 0 1 0 0 2 0 0 3 0 2 0 2 
INPUTS 0 15 15 15 0 15 15 15 
GENOME 131
FITNESS 7
BEST_OUTPUT 96
MASKS 4 4 4 4 4 4 4 4 4 4 4 5 4 4 4 4 4 4 4 4 4 4 4 9 4 4 4 4 4 4 4 0 12 4 4 6 4 4 4 4 4 4 4 4 4 4 4 4 4 4 4 4 0 4 4 4 4 4 4 4 4 4 4 1 
SENSITIVITIES 1 0 0 0 0 3 0 0 0 0 1 0 1 0 0 0 1 2 3 0 0 0 0 0 1 2 0 0 1 0 0 1 0 0 0 0 1 0 0 0 0 0 0 1 0 0 0 1 1 0 2 0 0 0 0 0 0 0 0 0 2 0 2 1 
INPUTS 0 15 15 15 0 15 15 15 
GENOME 132
FITNESS 7
BEST_OUTPUT 96
MASKS 4 4 4 9 4 4 4 4 4 4 4 5 4 6 4 4 6 4 4 13 4 4 4 9 4 4 4 4 4 5 7 4 12 4 4 5 4 4 4 4 8 6 4 4 1 4 4 4 4 4 4 4 4 4 5 6 4 4 4 4 4 4 4 12 
SENSITIVITIES 0 1 0 0 2 2 1 0 1 0 0 0 1 2 0 2 0 0 3 1 0 0 0 0 2 3 0 0 0 0 0 0 1 0 0 0 2 0 0 0 0 0 2 1 2 0 0 0 0 2 3 0 0 0 0 0 3 1 1 0 0 0 1 2 
INPUTS 0 15 15 15 0 15 15 15 
GENOME 133
FITNESS 7
BEST_OUTPUT 96
MASKS 4 4 4 9 4 4 4 4 5 4 4 15 4 12 12 4 6 4 4 13 4 4 4 4 4 5 4 1 4 4 7 4 4 4 4 4 4 4 4 4 4 4 4 4 4 4 4 4 4 4 6 15 4 5 5 4 4 4 4 4 0 4 4 4 
SENSITIVITIES 1 0 0 0 0 2 0 0 0 0 3 0 3 0 0 1 1 0 0 1 3 0 0 0 2 0 0 0 0 0 0 0 1 1 0 0 1 0 0 0 0 2 2 0 0 0 1 2 0 2 3 1 0 1 0 0 3 0 0 2 0 0 0 3 
INPUTS 0 15 15 15 0 15 15 15 
GENOME 134
FITNESS 7
BEST_OUTPUT 80
MASKS 4 4 4 4 13 4 4 12 4 4 4 4 15 4 4 4 1 4 4 12 12 4 12 4 4 4 4 0 12 5 4 4 12 4 4 6 4 4 4 4 4 4 4 4 4 6 4 4 5 13 4 4 4 12 12 4 4 4 4 4 4 6 4 4 
SENSITIVITIES 0 1 0 0 0 0 0 0 0 0 0 1 0 0 0 0 3 1 0 0 3 0 0 0 0 2 2 0 0 0 0 0 1 1 0 0 1 0 0 2 0 1 2 0 0 0 1 0 0 2 0 0 1 0 2 0 2 0 1 3 0 1 0 0 
INPUTS 0 15 15 15 0 15 15 15 
GENOME 135
FITNESS 7
BEST_OUTPUT 96
MASKS 4 4 4 4 4 4 4 0 5 4 4 4 4 4 4 4 6 4 4 13 4 12 4 4 4 5 4 0 4 6 7 4 12 4 4 4 4 4 4 12 0 4 4 14 4 4 4 4 4 4 4 4 4 13 5 5 4 4 4 4 0 4 5 4 
SENSITIVITIES 0 0 0 2 2 2 1 0 0 0 0 0 0 0 0 2 0 0 3 0 0 0 0 0 3 0 0 0 0 0 0 0 0 1 0 0 0 0 0 0 0 0 2 1 2 0 2 0 0 0 2 0 0 0 0 3 2 0 0 0 0 0 1 2 
INPUTS 0 15 15 15 0 15 15 15 
GENOME 136
FITNESS 7
BEST_OUTPUT 96
MASKS 4 4 4 4 13 4 4 12 4 5 4 15 4 4 4 4 6 4 0 12 3 4 4 4 15 4 4 0 4 7 4 6 12 4 4 6 4 4 4 4 0 4 6 4 3 12 4 4 4 4 4 15 14 4 5 4 4 5 12 4 0 6 4 4 
SENSITIVITIES 1 0 0 0 2 0 0 0 2 0 3 0 1 0 0 1 3 0 0 0 3 0 0 0 2 3 2 0 1 0 0 0 1 0 0 1 2 0 0 0 2 1 0 0 2 0 1 0 0 2 0 3 0 0 0 0 2 0 1 0 0 1 0 3 
INPUTS 0 15 15 15 0 15 15 15 
GENOME 137
FITNESS 7
BEST_OUTPUT 48
MASKS 4 4 4 12 4 5 4 4 5 4 4 15 15 0 4 4 1 3 4 12 4 12 4 9 4 4 4 0 4 7 12 6 7 4 4 6 4 4 4 0 4 4 6 4 4 4 4 4 5 12 4 4 4 4 12 11 4 5 4 4 4 4 4 1 
SENSITIVITIES 2 1 0 0 0 0 0 0 0 0 3 1 0 2 0 3 3 2 0 0 0 2 0 0 1 0 0 0 0 0 0 0 1 0 0 1 2 0 0 0 2 0 2 0 0 0 0 3 0 2 0 3 0 0 1 0 2 0 0 0 0 1 0 2 
INPUTS 0 15 15 15 0 15 15 15 
GENOME 138
FITNESS 7
BEST_OUTPUT 80
MASKS 8 4 6 4 4 4 4 4 6 13 4 15 14 4 5 4 4 4 13 4 6 12 4 4 12 4 4 4 4 4 7 4 12 4 4 4 4 4 14 5 4 6 4 4 5 4 4 4 4 15 5 4 14 12 14 4 13 4 4 4 4 14 5 4 
SENSITIVITIES 3 0 0 2 0 0 0 2 2 1 0 1 0 0 0 0 0 0 0 0 1 2 2 0 3 3 0 2 0 2 0 0 2 0 2 0 2 0 0 2 0 1 3 1 0 0 0 0 0 1 2 0 0 0 0 0 2 0 0 0 0 0 1 1 
INPUTS 0 15 15 15 0 15 15 15 
GENOME 139
FITNESS 7
BEST_OUTPUT 80
MASKS 4 0 4 4 4 4 4 4 15 4 4 4 0 4 4 4 6 6 4 4 0 4 4 0 4 4 4 4 4 4 4 4 6 4 4 4 10 4 4 4 4 4 4 12 4 4 4 4 4 4 4 4 14 12 4 4 4 11 15 4 4 14 4 1 
SENSITIVITIES 3 0 0 0 0 1 0 0 0 0 0 0 0 0 0 0 0 1 3 1 2 0 0 2 0 0 0 0 3 2 0 0 1 0 1 0 0 0 0 3 0 1 2 2 0 0 0 0 0 1 2 2 2 0 0 0 1 0 3 1 0 0 1 3 
INPUTS 0 15 15 15 0 15 15 15 
GENOME 140
FITNESS 7
BEST_OUTPUT 96
MASKS 4 4 4 4 4 4 4 12 5 4 4 15 15 4 4 4 7 4 4 4 3 12 4 9 4 4 5 4 4 4 4 6 7 4 5 6 6 4 4 0 4 4 4 4 4 4 4 4 4 4 4 0 4 4 12 4 4 5 0 4 4 4 4 1 
SENSITIVITIES 2 0 0 0 0 0 0 0 0 0 3 2 1 0 0 1 0 0 0 0 2 0 0 0 1 3 0 0 0 0 0 1 1 1 0 1 1 0 1 3 0 0 0 0 0 0 0 0 0 3 2 3 0 0 0 2 2 0 1 1 2 1 0 3 
INPUTS 0 15 15 15 0 15 15 15 
GENOME 141
FITNESS 7
BEST_OUTPUT 48
MASKS 3 8 4 4 6 4 4 4 4 4 4 4 14 4 4 4 1 0 4 12 4 12 4 9 12 4 0 4 6 4 4 4 12 0 4 4 4 4 6 4 4 4 5 6 4 4 9 4 4 4 13 15 4 7 5 4 4 9 4 4 4 4 6 4 
SENSITIVITIES 2 0 0 0 0 2 0 0 0 1 0 1 1 0 0 0 0 2 0 0 3 0 0 2 3 0 0 0 1 1 0 0 0 2 0 0 1 2 0 3 0 2 2 0 0 2 0 0 0 3 0 2 0 0 0 3 0 0 1 2 0 0 2 2 
INPUTS 0 15 15 15 0 15 15 15 
GENOME 142
FITNESS 7
BEST_OUTPUT 96
MASKS 4 4 4 7 4 4 4 4 5 4 12 15 4 12 4 6 6 4 4 4 2 4 4 4 0 4 4 0 4 4 7 7 8 4 4 4 4 4 4 4 4 8 5 6 1 4 4 4 4 4 4 8 4 4 5 4 4 4 15 4 4 4 4 4 
SENSITIVITIES 0 0 0 0 2 0 1 0 0 0 0 1 0 0 0 2 0 0 3 0 0 0 2 1 2 1 0 2 0 0 0 0 1 0 2 0 0 2 0 3 1 3 3 0 2 0 0 0 1 2 3 1 0 0 0 0 2 0 0 0 2 0 1 3 
INPUTS 0 15 15 15 0 15 15 15 
GENOME 143
FITNESS 7
BEST_OUTPUT 80
MASKS 8 8 6 4 4 4 6 4 6 4 4 4 0 4 5 4 4 6 5 12 4 12 4 4 4 4 4 5 4 4 4 6 14 6 4 4 4 4 4 4 4 4 5 7 4 4 8 0 5 4 5 12 14 4 14 4 4 4 15 4 4 14 6 4 
SENSITIVITIES 1 0 0 2 0 2 0 0 0 1 0 0 0 2 0 2 0 0 1 0 0 0 2 2 3 2 0 0 0 1 3 1 0 2 0 2 0 0 0 3 0 1 2 0 0 2 0 0 0 1 2 0 0 0 0 0 2 0 1 0 0 0 0 1 
INPUTS 0 15 15 15 0 15 15 15 
GENOME 144
FITNESS 7
BEST_OUTPUT 96
MASKS 8 4 4 4 4 4 4 12 4 13 12 15 15 4 4 0 5 4 4 4 3 12 4 4 0 4 4 4 4 6 4 6 12 4 4 4 4 4 4 4 4 4 5 4 4 4 4 4 5 15 4 4 4 4 12 4 4 5 0 4 4 14 4 4 
SENSITIVITIES 1 1 0 2 0 2 1 0 2 1 0 1 0 0 2 3 1 0 0 0 1 0 0 0 0 3 0 2 0 2 0 0 2 0 3 0 2 0 0 3 0 0 2 0 0 0 0 0 0 0 0 0 1 0 0 0 2 0 0 0 0 0 1 2 
INPUTS 0 15 15 15 0 15 15 15 
GENOME 145
FITNESS 7
BEST_OUTPUT 96
MASKS 4 0 4 4 4 4 4 4 5 0 4 4 12 4 4 4 6 4 5 4 4 4 4 4 4 12 4 0 4 4 4 4 12 4 4 4 7 4 4 0 4 6 4 4 4 4 4 4 6 4 5 4 4 12 4 6 5 4 12 4 4 6 4 4 
SENSITIVITIES 0 1 0 3 3 0 1 0 0 0 0 0 0 0 0 1 1 3 3 0 0 0 0 0 0 2 0 0 0 1 0 0 1 0 0 0 0 0 0 0 0 0 0 1 0 0 0 0 0 0 0 0 0 1 0 0 2 0 3 1 2 0 1 2 
INPUTS 0 15 15 15 0 15 15 15 
GENOME 146
FITNESS 7
BEST_OUTPUT 80
MASKS 4 12 5 0 6 4 4 4 5 4 4 4 5 4 4 4 6 4 6 5 4 12 4 9 4 4 4 4 4 4 4 4 12 4 4 6 5 4 6 0 4 4 4 6 4 4 4 4 0 4 4 4 4 4 5 4 12 9 4 4 4 4 4 1 
SENSITIVITIES 2 0 0 0 0 0 0 0 0 0 0 0 1 0 0 2 0 2 0 0 0 0 0 0 1 0 0 0 0 0 1 0 0 1 0 0 1 0 0 0 3 0 0 0 0 2 0 3 0 0 2 0 1 1 0 0 2 0 3 0 0 0 0 1 
INPUTS 0 15 15 15 0 15 15 15 
GENOME 147
FITNESS 7
BEST_OUTPUT 80
MASKS 4 0 7 4 4 4 4 12 5 4 4 4 15 4 5 4 5 4 4 12 3 12 4 7 12 4 4 1 4 4 4 6 12 4 4 6 4 4 4 4 4 6 4 4 5 12 4 4 5 8 5 4 4 0 12 11 4 4 0 4 4 6 4 4 
SENSITIVITIES 3 1 0 0 1 0 0 2 0 0 3 1 0 0 0 0 1 0 0 0 1 0 2 0 0 3 0 0 0 1 0 0 0 0 2 0 2 0 0 0 0 0 2 1 1 0 1 2 0 3 2 3 0 0 0 0 2 0 0 0 0 1 0 1 
INPUTS 0 15 15 15 0 15 15 15 
GENOME 148
FITNESS 7
BEST_OUTPUT 96
MASKS 4 4 4 6 4 4 4 4 15 4 4 4 4 12 4 5 6 4 6 5 4 4 4 0 4 4 5 4 4 4 7 6 7 4 4 4 4 4 4 0 4 4 4 4 4 4 4 4 4 4 6 15 4 4 5 4 4 4 4 4 0 4 4 4 
SENSITIVITIES 2 0 0 0 0 2 0 1 0 0 3 2 1 0 0 2 0 0 0 1 0 0 0 0 2 2 0 0 0 0 0 0 1 3 0 0 3 0 1 3 0 0 0 0 0 0 1 0 0 3 2 0 1 1 0 0 2 0 0 0 0 0 0 3 
INPUTS 0 15 15 15 0 15 15 15 
GENOME 149
FITNESS 6
BEST_OUTPUT 64
MASKS 4 6 4 9 4 4 4 15 4 4 4 4 4 4 4 0 4 4 5 12 4 4 4 9 4 4 4 0 5 4 4 4 7 4 4 4 4 12 4 0 4 4 4 4 4 6 4 4 5 8 5 4 4 4 4 4 4 4 14 4 4 4 4 4 
SENSITIVITIES 0 3 0 0 2 1 0 0 0 0 0 0 1 0 0 0 0 0 0 0 3 0 2 0 0 2 0 0 1 0 0 0 2 1 0 0 1 0 2 0 3 3 2 2 0 0 0 1 0 2 2 0 0 0 0 0 2 0 1 1 2 0 0 3 
INPUTS 0 15 15 15 0 15 15 15 
GENOME 150
FITNESS 6
BEST_OUTPUT 32
MASKS 4 4 4 4 4 4 4 4 4 4 6 4 4 4 4 6 4 4 4 12 4 4 6 0 4 4 4 4 4 4 4 12 9 4 4 4 4 4 4 4 4 4 4 4 4 6 4 4 4 6 4 4 4 4 4 4 4 4 4 4 4 4 4 4 
SENSITIVITIES 1 0 0 0 0 2 0 0 0 0 0 2 0 0 0 0 2 0 0 0 0 0 1 1 2 2 1 0 0 0 0 0 0 0 1 0 1 0 0 0 0 3 2 0 2 0 0 0 1 2 0 0 0 0 0 0 2 0 0 2 2 0 0 3 
INPUTS 0 15 15 15 0 15 15 15 
GENOME 151
FITNESS 6
BEST_OUTPUT 32
MASKS 4 4 4 4 6 4 4 4 5 4 4 15 14 4 4 4 6 4 4 5 4 12 4 6 0 4 4 4 4 4 4 4 12 4 4 4 4 4 6 4 4 8 5 4 4 4 4 4 4 4 4 4 4 4 4 4 4 4 4 4 4 4 1 4 
SENSITIVITIES 3 2 0 0 0 3 0 0 0 0 1 1 2 0 0 1 0 0 0 1 0 0 0 0 2 1 0 1 0 0 0 2 0 0 0 0 0 0 0 0 0 0 3 0 0 0 1 3 2 2 0 0 0 0 0 0 2 0 0 0 0 0 0 0 
INPUTS 0 15 15 15 0 15 15 15 
GENOME 152
FITNESS 6
BEST_OUTPUT 32
MASKS 4 4 4 4 4 4 4 4 5 4 4 15 4 4 12 4 0 6 4 12 4 4 4 4 4 4 0 4 4 4 4 4 4 4 4 6 4 4 12 6 4 4 4 4 4 4 9 7 4 4 5 4 4 12 5 4 12 12 4 4 0 14 4 4 
SENSITIVITIES 0 1 0 0 0 2 0 0 0 1 0 0 0 1 0 3 0 0 0 1 2 0 0 3 2 0 0 0 3 0 0 2 0 2 0 0 0 0 0 0 0 3 2 0 1 0 0 2 0 2 2 0 1 0 0 2 0 0 0 1 0 0 0 1 
INPUTS 0 15 15 15 0 15 15 15 
GENOME 153
FITNESS 6
BEST_OUTPUT 32
MASKS 4 8 6 4 4 4 4 4 15 4 4 5 4 4 4 4 1 6 4 4 4 4 4 4 0 4 6 4 5 4 5 4 12 5 4 5 4 4 12 4 0 4 4 4 4 4 12 4 5 15 4 12 14 4 14 10 4 4 7 4 4 12 6 4 
SENSITIVITIES 2 0 0 2 0 3 0 0 0 0 0 0 0 0 0 1 0 2 3 2 3 0 2 0 2 0 0 0 3 0 0 2 1 1 2 0 1 0 0 0 2 3 3 0 0 0 2 1 0 3 0 0 0 0 0 0 2 2 3 1 0 0 0 0 
INPUTS 0 15 15 15 0 15 15 15 
GENOME 154
FITNESS 6
BEST_OUTPUT 16
MASKS 4 11 3 4 4 4 4 4 15 4 4 4 4 4 4 4 0 6 4 13 0 4 6 0 15 4 4 4 12 4 4 4 6 4 4 4 11 4 12 4 12 4 4 4 1 4 9 6 4 4 6 15 14 4 5 4 4 11 4 4 4 4 4 4 
SENSITIVITIES 2 0 0 0 2 2 2 1 0 1 3 0 0 0 0 1 0 0 0 0 3 0 0 0 0 0 0 0 0 0 0 1 1 0 0 0 0 0 3 0 0 0 0 0 2 0 2 0 0 2 3 0 0 0 0 0 0 0 3 1 0 0 0 0 
INPUTS 0 15 15 15 0 15 15 15 
GENOME 155
FITNESS 6
BEST_OUTPUT 32
MASKS 4 4 4 9 5 4 0 15 15 4 1 4 15 12 4 4 1 3 6 4 0 12 4 4 5 4 4 4 6 4 4 4 7 5 4 4 4 4 12 4 8 2 4 4 5 15 4 6 5 4 4 4 4 4 10 11 4 9 4 14 4 12 4 0 
SENSITIVITIES 2 1 0 0 0 0 0 3 0 1 1 0 0 0 0 1 2 0 0 0 3 0 0 0 0 2 0 0 3 0 0 1 0 0 0 0 3 0 1 0 0 3 0 0 0 0 0 1 1 1 2 0 2 0 0 2 0 2 0 2 0 0 1 1 
INPUTS 0 15 15 15 0 15 15 15 
GENOME 156
FITNESS 6
BEST_OUTPUT 32
MASKS 8 4 4 4 4 4 4 15 6 13 4 4 14 12 4 4 4 6 5 4 4 12 4 4 0 4 4 4 4 4 7 4 12 5 4 4 4 4 12 6 4 4 4 4 5 4 8 4 4 5 4 4 4 12 14 4 4 9 15 4 4 12 4 4 
SENSITIVITIES 2 0 0 0 3 2 1 0 1 1 0 0 0 0 0 0 1 0 1 0 1 2 0 2 1 3 0 2 1 0 0 0 2 0 0 0 2 1 0 3 0 1 2 0 2 0 0 0 0 3 0 0 2 0 0 2 0 0 0 0 0 0 1 1 
INPUTS 0 15 15 15 0 15 15 15 
GENOME 157
FITNESS 6
BEST_OUTPUT 32
MASKS 4 4 0 14 4 4 4 4 4 4 4 5 15 4 0 4 4 4 6 4 4 4 4 9 4 4 12 0 4 4 4 0 12 0 4 6 6 4 12 0 4 4 4 4 4 4 6 4 4 4 4 4 4 4 5 4 4 4 4 4 4 4 4 1 
SENSITIVITIES 1 0 0 2 0 2 0 1 0 2 1 0 0 0 0 0 0 0 0 0 1 0 0 2 1 2 1 2 0 0 0 0 0 0 2 0 1 0 0 0 0 2 0 1 0 0 0 0 0 0 2 0 0 0 0 0 0 0 0 0 2 0 0 3 
INPUTS 0 15 15 15 0 15 15 15 
GENOME 158
FITNESS 6
BEST_OUTPUT 32
MASKS 9 4 4 6 5 4 4 4 5 15 1 4 4 12 7 6 6 3 4 12 4 4 4 4 4 4 4 4 6 4 4 4 7 6 4 4 4 4 4 6 0 2 6 4 4 4 4 6 4 4 4 0 4 4 10 4 4 12 4 14 4 14 6 4 
SENSITIVITIES 2 1 0 2 0 2 0 3 0 0 1 0 2 0 0 2 0 0 0 3 0 0 0 0 3 0 0 0 0 0 0 0 0 0 0 1 0 0 1 3 0 0 0 1 0 0 0 0 0 2 2 0 3 0 1 2 2 2 3 2 2 0 1 3 
INPUTS 0 15 15 15 0 15 15 15 
GENOME 159
FITNESS 6
BEST_OUTPUT 32
MASKS 6 5 6 9 4 4 4 15 6 13 4 15 14 4 4 0 6 4 6 4 4 12 4 9 5 4 2 9 7 4 7 4 7 4 4 4 4 4 12 0 4 4 4 4 4 4 4 4 5 15 6 4 4 4 5 4 12 4 15 4 4 6 4 4 
SENSITIVITIES 1 0 0 0 3 2 0 0 2 1 2 0 1 0 0 0 0 0 0 0 1 0 0 0 1 3 0 0 0 2 0 0 2 0 0 0 0 0 0 0 0 1 2 0 0 0 0 0 0 2 3 0 1 0 0 0 0 0 0 0 2 0 1 1 
INPUTS 0 15 15 15 0 15 15 15 
GENOME 160
FITNESS 6
BEST_OUTPUT 64
MASKS 4 4 4 11 4 0 4 4 15 4 4 4 12 4 4 4 1 4 6 12 2 12 12 4 4 4 3 6 4 7 4 4 12 4 4 4 9 14 12 6 4 4 4 4 4 4 4 4 12 13 4 15 4 4 5 10 13 4 4 12 0 14 12 4 
SENSITIVITIES 3 0 0 0 2 2 0 3 0 0 3 1 1 0 0 1 0 2 2 0 3 0 0 0 0 0 0 0 3 1 0 0 1 1 2 0 2 0 1 0 0 2 2 0 2 0 0 0 0 2 0 0 0 1 0 0 0 2 0 1 2 0 0 1 
INPUTS 0 15 15 15 0 15 15 15 
GENOME 161
FITNESS 6
BEST_OUTPUT 64
MASKS 4 4 4 9 4 4 4 4 15 4 4 4 4 4 4 12 1 6 4 13 2 4 4 4 4 12 6 4 6 6 7 4 12 5 4 4 4 0 4 6 0 4 4 4 4 4 13 6 4 4 6 4 4 4 6 11 4 9 4 14 0 12 4 4 
SENSITIVITIES 2 0 0 3 0 2 0 0 0 0 0 1 0 2 0 1 0 1 3 0 3 0 0 0 2 2 0 2 3 0 0 2 1 1 0 0 2 0 0 0 0 0 2 0 2 0 0 1 0 2 0 0 0 1 0 0 2 2 0 1 0 0 0 3 
INPUTS 0 15 15 15 0 15 15 15 
GENOME 162
FITNESS 6
BEST_OUTPUT 64
MASKS 4 11 0 9 4 4 4 4 5 4 4 12 15 4 6 5 0 0 4 4 2 4 4 9 4 4 4 4 4 4 4 4 12 4 4 6 4 4 4 0 4 4 4 4 4 6 12 4 4 4 4 4 4 4 5 7 4 4 4 0 0 4 4 1 
SENSITIVITIES 2 0 0 0 1 2 0 0 0 0 1 0 1 0 0 2 0 2 2 0 0 2 0 0 1 0 0 0 0 0 0 0 0 0 0 2 1 0 0 0 1 0 0 0 0 0 0 0 0 0 2 0 1 1 0 0 2 0 0 0 1 0 0 3 
INPUTS 0 15 15 15 0 15 15 15 
GENOME 163
FITNESS 6
BEST_OUTPUT 32
MASKS 4 4 4 4 4 12 6 4 4 4 4 4 4 4 4 4 1 4 6 4 2 12 4 4 4 4 2 8 1 4 0 0 12 0 4 4 4 4 12 4 4 4 0 6 5 4 9 4 5 4 4 4 15 4 4 10 13 4 5 4 4 6 4 4 
SENSITIVITIES 0 2 0 3 3 2 0 2 0 2 0 0 0 0 0 0 0 3 0 0 1 0 0 0 1 0 0 0 0 0 0 0 0 0 2 0 2 0 0 0 0 0 3 0 2 0 0 0 0 0 0 0 0 0 0 0 0 0 0 1 2 0 1 0 
INPUTS 0 15 15 15 0 15 15 15 
GENOME 164
FITNESS 6
BEST_OUTPUT 32
MASKS 4 5 4 4 4 4 4 4 4 0 4 4 4 4 4 4 1 4 4 6 2 4 4 4 4 4 6 4 1 4 4 2 12 5 4 4 4 4 12 4 4 4 4 4 4 4 4 4 4 4 4 4 4 4 4 10 4 4 4 14 4 12 4 4 
SENSITIVITIES 2 0 0 1 1 2 0 0 0 2 1 0 0 2 0 1 0 0 2 0 0 0 0 0 2 0 0 2 0 0 0 0 0 1 0 0 1 0 0 0 0 0 0 0 0 0 0 1 0 1 2 0 0 0 0 0 0 0 3 0 1 0 2 0 
INPUTS 0 15 15 15 0 15 15 15 
GENOME 165
FITNESS 6
BEST_OUTPUT 32
MASKS 9 4 4 4 5 4 0 14 5 15 4 4 0 12 7 4 0 4 6 4 0 4 4 4 4 4 4 4 6 4 4 4 12 4 4 4 9 4 4 6 12 6 4 12 4 4 4 4 6 4 4 4 4 12 4 6 4 4 4 4 4 4 4 4 
SENSITIVITIES 2 2 2 0 2 2 0 1 0 0 1 0 0 0 0 2 0 3 3 3 3 0 0 0 2 2 0 0 3 0 0 0 1 0 0 0 0 0 1 0 0 2 0 1 0 0 0 3 0 1 0 0 3 0 0 2 2 0 3 0 0 0 1 1 
INPUTS 0 15 15 15 0 15 15 15 
GENOME 166
FITNESS 6
BEST_OUTPUT 16
MASKS 4 4 4 4 4 4 5 4 5 15 1 5 4 12 4 4 0 0 4 12 4 4 4 4 4 4 2 0 4 4 4 4 12 4 4 4 4 12 12 4 4 4 5 4 4 4 11 4 4 15 5 4 4 4 5 4 4 4 4 4 4 4 4 6 
SENSITIVITIES 2 1 0 2 0 1 0 3 0 0 1 1 0 0 2 0 2 0 0 0 0 0 0 0 0 0 0 0 3 0 1 2 0 0 0 0 0 0 0 3 1 0 2 0 0 2 0 0 0 2 0 0 0 0 0 0 0 3 3 2 0 0 1 0 
INPUTS 0 15 15 15 0 15 15 15 
GENOME 167
FITNESS 6
BEST_OUTPUT 32
MASKS 11 5 4 4 12 4 4 4 4 4 6 4 4 4 4 4 6 4 4 12 4 4 4 9 4 4 0 4 4 7 4 4 13 4 4 4 4 4 0 4 4 4 4 4 4 4 4 4 4 6 5 0 4 7 5 4 4 9 12 4 12 4 4 6 
SENSITIVITIES 0 0 0 0 0 2 0 0 0 1 0 0 0 0 0 0 0 0 0 0 0 0 0 0 2 2 0 1 0 0 0 0 2 0 1 0 3 0 0 2 0 3 2 0 2 0 0 3 2 0 0 0 0 1 0 0 2 0 0 2 2 0 0 2 
INPUTS 0 15 15 15 0 15 15 15 
GENOME 168
FITNESS 6
BEST_OUTPUT 64
MASKS 4 4 4 9 4 4 4 4 15 4 8 4 4 12 4 4 6 4 4 12 2 4 4 4 4 4 6 4 4 4 7 0 9 4 4 4 4 4 4 6 8 4 4 6 4 4 4 4 4 4 4 15 4 3 5 4 6 12 4 4 4 4 4 4 
SENSITIVITIES 0 1 0 0 2 0 0 0 0 0 0 0 1 0 0 2 0 2 3 3 1 0 0 0 3 2 0 0 0 2 0 2 1 1 0 0 0 0 0 0 0 0 2 0 0 0 0 3 0 2 3 0 0 0 0 0 0 1 0 3 0 0 0 1 
INPUTS 0 15 15 15 0 15 15 15 
GENOME 169
FITNESS 6
BEST_OUTPUT 64
MASKS 11 4 4 4 4 4 4 4 4 4 4 5 4 4 4 4 6 12 4 12 4 6 4 4 4 4 4 4 4 4 7 4 8 4 4 4 4 4 6 4 4 4 4 4 4 4 4 4 4 4 4 4 4 4 5 5 4 12 4 6 4 4 4 4 
SENSITIVITIES 0 0 0 1 0 2 0 1 1 0 0 0 1 0 0 0 0 0 3 1 0 0 0 0 2 2 0 0 0 1 0 0 0 1 0 0 3 0 0 0 0 1 2 0 0 1 0 0 0 2 0 0 1 1 0 1 3 0 0 3 0 0 0 3 
INPUTS 0 15 15 15 0 15 15 15 
GENOME 170
FITNESS 6
BEST_OUTPUT 32
MASKS 4 4 3 4 4 4 4 4 5 4 1 15 4 4 12 12 0 6 0 4 2 4 4 0 4 4 4 4 4 4 4 8 8 4 4 6 4 4 4 4 6 4 4 0 3 4 11 7 4 4 5 15 4 4 5 4 4 4 4 4 4 4 4 4 
SENSITIVITIES 0 0 0 0 2 0 0 0 0 1 2 0 0 0 0 1 0 0 2 0 3 0 0 0 2 2 0 0 3 0 0 2 0 2 0 1 0 0 0 0 2 1 2 0 0 0 0 2 0 0 2 0 0 0 0 2 0 0 0 3 0 0 0 1 
INPUTS 0 15 15 15 0 15 15 15 
GENOME 171
FITNESS 6
BEST_OUTPUT 32
MASKS 4 4 4 12 6 4 4 4 5 4 4 12 4 4 7 4 0 0 4 4 4 4 5 4 4 4 2 0 5 4 1 4 12 6 4 4 13 4 12 0 4 4 4 4 0 15 9 4 4 15 4 4 4 4 10 4 4 4 4 4 4 4 4 1 
SENSITIVITIES 2 0 0 0 0 1 0 3 0 0 2 0 1 0 0 0 0 2 3 0 0 0 0 0 1 0 0 0 3 0 0 0 1 0 0 0 0 0 0 1 0 0 0 1 0 0 0 1 0 2 0 0 1 0 0 0 0 3 0 0 0 0 0 1 
INPUTS 0 15 15 15 0 15 15 15 
GENOME 172
FITNESS 6
BEST_OUTPUT 32
MASKS 8 11 3 9 4 4 4 4 5 4 4 5 4 4 6 4 6 4 4 13 2 12 4 4 4 4 4 4 6 4 4 4 12 4 4 4 4 4 12 4 4 4 5 6 4 4 12 4 4 4 6 4 4 4 14 4 4 4 15 0 0 4 6 4 
SENSITIVITIES 1 0 0 2 0 2 0 1 0 0 0 1 0 0 0 0 0 0 0 0 1 0 2 1 3 1 0 0 0 0 0 0 0 0 3 2 0 0 0 0 0 0 0 0 0 0 0 0 0 3 3 0 0 0 0 3 2 0 1 0 0 0 2 3 
INPUTS 0 15 15 15 0 15 15 15 
GENOME 173
FITNESS 6
BEST_OUTPUT 32
MASKS 4 4 4 4 4 4 4 14 13 15 1 4 4 12 4 4 6 4 4 4 4 4 4 0 4 4 2 0 5 4 1 5 7 4 4 4 11 4 12 0 4 4 6 4 0 4 4 4 4 4 6 15 4 12 10 4 4 4 4 4 0 4 4 6 
SENSITIVITIES 2 0 0 2 0 1 0 0 0 0 1 3 1 0 0 1 2 0 0 0 3 0 0 0 2 2 0 0 3 0 0 0 0 1 0 0 0 0 0 0 0 0 0 0 0 0 0 0 0 2 3 0 1 0 0 2 0 2 0 2 0 0 1 1 
INPUTS 0 15 15 15 0 15 15 15 
GENOME 174
FITNESS 6
BEST_OUTPUT 64
MASKS 4 4 3 9 4 4 4 4 5 4 4 15 4 12 4 4 6 5 4 13 2 4 4 4 4 4 4 0 4 6 7 4 8 4 4 4 4 4 4 4 4 6 4 6 1 4 4 4 4 4 6 4 4 4 5 11 4 4 4 4 0 4 4 4 
SENSITIVITIES 0 0 2 0 2 0 1 0 0 0 1 0 1 2 0 0 0 2 0 0 3 0 0 0 2 2 0 0 0 1 0 0 1 0 0 0 0 0 0 0 0 0 2 1 2 1 0 0 0 2 3 0 0 0 0 0 0 0 0 0 2 0 0 3 
INPUTS 0 15 15 15 0 15 15 15 
GENOME 175
FITNESS 6
BEST_OUTPUT 32
MASKS 5 4 4 9 4 4 4 4 15 4 4 4 5 4 4 4 6 5 4 13 4 4 12 0 6 4 4 1 4 4 6 4 12 4 4 4 4 4 4 4 0 4 4 4 4 4 4 4 4 4 4 15 4 12 5 5 4 4 4 4 0 4 12 4 
SENSITIVITIES 0 0 0 3 0 2 0 0 0 0 3 0 3 0 0 0 0 0 0 0 3 0 0 0 2 0 0 0 0 0 0 0 1 0 0 0 0 0 0 0 0 0 2 0 1 1 0 0 0 0 3 0 0 0 0 3 2 0 2 1 0 0 0 3 
INPUTS 0 15 15 15 0 15 15 15 
GENOME 176
FITNESS 6
BEST_OUTPUT 64
MASKS 5 4 4 4 4 12 4 4 5 4 5 15 5 4 4 4 0 6 4 12 4 4 4 4 4 0 4 4 5 4 4 5 12 4 4 4 4 4 4 14 4 4 4 6 4 4 4 14 4 4 4 4 14 4 5 5 4 9 4 4 4 4 5 1 
SENSITIVITIES 0 0 0 0 2 0 2 0 2 0 0 0 0 2 0 0 0 0 3 0 0 0 2 0 2 0 0 1 3 0 0 0 0 0 0 0 0 0 0 0 0 0 2 2 1 0 1 2 0 0 2 0 0 0 0 3 2 2 0 3 0 0 0 2 
INPUTS 0 15 15 15 0 15 15 15 
GENOME 177
FITNESS 6
BEST_OUTPUT 32
MASKS 6 7 4 5 4 4 4 15 4 4 4 4 4 12 4 4 6 4 6 4 4 12 4 9 4 4 4 9 5 4 4 4 9 5 4 6 4 12 12 0 4 4 4 0 5 15 4 6 1 4 5 4 4 7 5 4 4 9 14 4 4 12 4 0 
SENSITIVITIES 2 2 0 0 2 0 2 0 0 0 0 0 0 0 0 0 0 0 0 2 3 0 2 0 1 2 0 0 1 0 0 1 2 0 0 0 1 2 2 2 3 1 2 0 0 0 0 3 0 1 2 0 0 0 0 0 2 0 0 2 2 0 2 0 
INPUTS 0 15 15 15 0 15 15 15 
GENOME 178
FITNESS 6
BEST_OUTPUT 32
MASKS 8 11 6 4 4 4 4 4 6 13 4 5 4 4 4 4 6 0 4 12 2 4 4 4 4 4 4 0 4 6 7 4 12 4 4 4 4 4 4 4 4 4 4 4 4 4 12 6 4 4 4 4 4 4 5 4 4 4 15 0 0 14 4 4 
SENSITIVITIES 1 0 0 2 0 2 0 0 2 1 0 1 2 0 0 0 0 0 0 0 1 2 0 2 2 3 0 0 0 2 2 0 0 0 0 2 0 0 0 0 0 1 3 0 2 0 0 0 0 3 3 2 0 0 0 0 3 2 0 0 0 0 1 3 
INPUTS 0 15 15 15 0 15 15 15 
GENOME 179
FITNESS 6
BEST_OUTPUT 32
MASKS 4 4 4 4 4 4 4 4 5 4 1 15 4 6 4 4 1 3 4 4 4 12 4 0 4 4 0 4 4 5 12 4 7 4 4 6 4 4 4 6 4 4 4 4 4 4 9 4 4 4 5 4 4 4 5 4 4 4 4 4 4 4 4 1 
SENSITIVITIES 0 1 0 0 0 2 0 1 0 0 1 0 0 0 0 1 0 0 0 0 0 0 1 0 0 0 0 0 1 0 0 0 0 2 0 0 1 0 0 0 0 2 2 2 0 0 0 3 0 0 2 0 1 0 0 0 0 0 1 0 2 0 0 1 
INPUTS 0 15 15 15 0 15 15 15 
GENOME 180
FITNESS 6
BEST_OUTPUT 32
MASKS 8 11 11 9 4 4 12 5 4 4 4 5 14 4 6 4 0 0 4 4 2 4 4 4 4 4 4 0 4 6 7 4 8 0 4 4 4 4 12 4 4 4 4 4 4 4 0 6 5 4 6 4 14 4 14 4 4 4 4 4 0 12 4 4 
SENSITIVITIES 1 0 0 3 0 2 0 0 0 0 1 0 0 0 1 0 2 0 0 0 3 0 2 0 0 0 0 0 0 0 2 0 0 0 2 0 1 0 0 0 0 0 3 0 3 0 0 0 0 2 3 0 0 0 0 0 0 2 0 0 0 0 2 3 
INPUTS 0 15 15 15 0 15 15 15 
GENOME 181
FITNESS 6
BEST_OUTPUT 64
MASKS 11 0 4 1 4 4 4 4 15 0 4 12 12 4 4 12 6 4 4 12 4 4 4 9 4 4 4 0 4 4 7 4 7 4 9 4 4 5 4 6 4 4 4 4 4 15 4 4 4 4 5 15 4 3 7 4 4 4 4 4 4 6 4 4 
SENSITIVITIES 0 0 2 1 2 0 0 0 0 0 0 0 1 2 0 0 1 2 3 3 0 0 0 0 0 0 0 0 0 1 0 2 3 1 0 0 0 0 0 3 0 0 2 0 0 0 0 0 0 2 2 0 0 3 0 0 2 0 0 3 0 0 0 2 
INPUTS 0 15 15 15 0 15 15 15 
GENOME 182
FITNESS 6
BEST_OUTPUT 32
MASKS 4 4 4 12 4 12 12 4 5 4 4 6 4 4 4 4 1 3 6 6 4 12 5 9 4 4 4 0 6 5 4 4 12 4 4 4 4 4 4 0 4 4 4 4 4 4 4 4 4 13 4 4 4 12 5 10 4 4 4 14 4 4 4 4 
SENSITIVITIES 2 0 0 0 0 0 0 1 0 0 1 1 1 0 0 1 0 0 0 0 0 0 0 0 0 0 0 2 0 0 0 0 0 1 0 1 1 0 1 0 0 0 2 0 0 0 2 0 0 2 0 0 1 0 0 0 0 0 0 0 2 0 0 1 
INPUTS 0 15 15 15 0 15 15 15 
GENOME 183
FITNESS 6
BEST_OUTPUT 64
MASKS 4 4 4 4 4 4 4 12 4 4 4 5 15 4 4 4 5 4 4 12 4 12 4 12 4 4 4 6 4 4 4 6 12 4 4 6 12 4 4 4 4 4 4 4 4 12 4 4 5 8 5 4 4 0 4 11 4 0 0 4 4 4 4 4 
SENSITIVITIES 0 1 0 0 2 0 0 1 0 0 3 1 0 0 0 0 3 0 2 1 0 0 0 0 0 2 0 0 0 0 0 2 1 0 0 1 0 0 0 3 0 0 2 1 0 0 0 0 0 0 2 0 1 0 0 0 2 0 1 0 2 0 0 3 
INPUTS 0 15 15 15 0 15 15 15 
GENOME 184
FITNESS 6
BEST_OUTPUT 64
MASKS 11 10 4 1 4 4 4 4 4 4 4 5 4 5 4 4 6 4 4 12 4 4 4 4 4 4 4 4 4 5 7 4 12 4 4 4 4 4 4 4 8 4 5 4 4 4 4 4 4 4 4 15 4 4 5 4 4 9 4 4 4 4 4 4 
SENSITIVITIES 1 0 0 0 0 2 1 0 1 1 0 0 1 0 0 0 3 0 0 1 0 0 0 0 3 3 0 2 0 0 0 0 2 0 0 0 0 0 0 0 0 1 2 0 0 0 0 0 0 3 0 0 1 0 0 0 2 0 0 3 0 2 0 2 
INPUTS 0 15 15 15 0 15 15 15 
GENOME 185
FITNESS 6
BEST_OUTPUT 64
MASKS 4 4 4 4 4 5 4 12 4 4 4 4 15 4 12 6 6 4 4 12 4 4 4 4 4 4 4 4 4 7 4 6 4 4 4 4 4 4 4 4 4 4 6 5 5 12 4 4 4 4 4 4 14 4 4 4 4 4 12 4 4 6 4 4 
SENSITIVITIES 2 1 0 0 2 0 2 0 0 0 3 0 0 0 0 1 3 0 0 1 3 1 0 0 0 3 2 0 0 0 0 0 0 0 0 1 1 0 0 0 2 0 0 0 0 0 0 0 0 0 0 1 0 3 0 0 2 0 2 0 3 1 0 2 
INPUTS 0 15 15 15 0 15 15 15 
GENOME 186
FITNESS 6
BEST_OUTPUT 64
MASKS 4 0 6 4 4 4 4 4 5 4 4 15 5 4 4 4 6 4 4 12 4 12 4 4 4 4 4 4 4 4 7 6 13 4 4 6 4 4 14 4 0 6 4 4 5 11 4 0 4 4 4 4 14 12 5 5 13 4 4 4 0 14 5 4 
SENSITIVITIES 3 0 0 0 3 2 0 2 0 1 0 0 0 0 0 0 0 1 0 0 0 0 2 0 0 2 0 0 0 0 0 0 0 1 0 0 0 0 1 0 0 0 2 1 1 1 0 0 0 3 0 3 0 0 0 3 2 1 0 2 0 2 0 2 
INPUTS 0 15 15 15 0 15 15 15 
GENOME 187
FITNESS 6
BEST_OUTPUT 64
MASKS 4 4 6 4 4 4 4 4 5 13 4 15 14 4 12 4 6 4 4 4 4 12 4 4 0 5 4 4 6 4 7 0 4 4 4 4 0 4 4 4 4 4 5 4 4 6 4 4 4 4 4 4 4 4 12 4 4 4 15 4 4 4 4 4 
SENSITIVITIES 1 0 0 2 2 2 0 0 0 0 1 0 0 0 0 0 1 0 0 1 1 2 0 2 3 0 2 2 0 2 0 0 2 0 0 1 1 0 1 2 3 1 3 0 0 0 0 0 0 3 0 0 1 0 0 0 2 0 2 0 2 0 0 3 
INPUTS 0 15 15 15 0 15 15 15 
GENOME 188
FITNESS 6
BEST_OUTPUT 64
MASKS 4 12 4 4 4 4 4 4 5 5 4 4 12 4 4 4 6 4 6 4 4 4 5 9 4 6 4 4 6 4 4 4 12 4 4 6 4 12 4 4 4 4 5 1 4 4 4 4 4 4 4 4 4 4 5 4 4 9 15 4 4 4 4 4 
SENSITIVITIES 3 0 0 0 0 2 0 0 0 0 0 0 0 0 2 2 0 0 0 1 0 0 0 2 1 2 0 2 0 2 0 0 2 0 3 0 1 0 0 1 0 0 2 1 0 0 0 0 0 3 2 2 1 1 0 0 2 0 0 0 0 0 0 1 
INPUTS 0 15 15 15 0 15 15 15 
GENOME 189
FITNESS 6
BEST_OUTPUT 16
MASKS 4 4 4 4 6 4 4 4 5 4 4 15 4 4 4 4 6 3 4 4 4 4 4 4 4 4 4 4 4 4 0 0 12 4 4 4 4 4 4 4 8 6 6 4 4 5 12 4 13 4 4 4 5 4 4 4 4 4 4 4 4 4 4 1 
SENSITIVITIES 0 0 0 2 2 1 0 0 0 0 0 0 0 0 0 2 0 1 0 1 0 0 0 0 0 2 2 1 1 3 0 2 1 0 0 0 0 0 2 0 0 0 0 0 0 2 0 0 0 0 2 1 0 0 0 2 2 2 3 2 0 0 0 3 
INPUTS 0 15 15 15 0 15 15 15 
GENOME 190
FITNESS 6
BEST_OUTPUT 64
MASKS 4 4 4 4 4 4 4 12 4 4 4 5 4 4 4 4 5 4 4 12 4 12 4 0 4 4 4 0 4 4 4 5 12 4 4 4 4 4 4 4 4 4 4 4 4 12 4 4 5 8 4 4 4 4 12 11 4 4 4 4 4 6 4 4 
SENSITIVITIES 0 1 0 2 0 0 0 0 0 0 3 2 0 0 2 1 3 0 0 0 0 0 0 0 0 2 0 0 0 0 0 0 1 0 2 0 1 0 0 0 0 0 2 0 0 0 0 0 0 2 0 0 1 0 0 0 2 0 1 0 2 1 0 2 
INPUTS 0 15 15 15 0 15 15 15 
GENOME 191
FITNESS 6
BEST_OUTPUT 32
MASKS 4 4 4 6 0 12 4 4 5 6 4 12 12 4 4 5 1 3 4 12 2 4 0 4 4 12 2 4 4 4 4 4 4 6 4 6 11 4 4 6 0 4 4 6 4 4 4 4 4 4 4 4 4 4 5 5 0 4 4 4 0 4 5 4 
SENSITIVITIES 2 1 0 0 3 2 0 1 0 0 0 1 1 1 0 0 0 1 0 2 0 0 0 0 0 2 2 0 0 0 2 0 0 1 0 0 0 0 0 0 0 0 2 0 0 0 0 3 0 0 2 3 1 0 0 0 0 0 1 2 0 0 0 2 
INPUTS 0 15 15 15 0 15 15 15 
GENOME 192
FITNESS 6
BEST_OUTPUT 32
MASKS 4 4 4 4 4 12 4 15 15 0 12 4 4 4 6 4 0 6 4 4 0 4 6 9 4 4 4 4 4 4 4 6 13 1 4 6 10 4 12 6 4 4 4 12 5 4 4 6 4 5 5 4 4 4 5 4 12 11 4 4 4 12 4 0 
SENSITIVITIES 0 1 0 0 3 0 2 0 0 1 0 0 0 0 0 0 0 1 3 0 2 0 0 1 1 2 0 2 3 0 0 1 0 0 0 0 1 1 3 0 0 1 2 0 0 0 2 2 0 1 2 0 2 0 0 2 1 0 2 1 0 0 1 0 
INPUTS 0 15 15 15 0 15 15 15 
GENOME 193
FITNESS 6
BEST_OUTPUT 64
MASKS 12 10 4 4 0 4 4 4 15 6 4 4 12 4 4 4 1 4 6 12 2 4 4 4 4 4 2 4 6 4 4 4 7 5 4 4 11 4 12 6 8 4 4 4 4 4 4 4 5 13 4 5 4 12 5 5 13 4 4 4 0 14 6 4 
SENSITIVITIES 2 0 0 0 0 2 0 0 0 0 0 1 0 1 0 0 2 1 0 0 3 0 0 0 0 2 0 2 1 0 0 0 1 1 1 0 2 0 3 0 0 1 0 1 0 0 2 0 3 0 0 0 1 0 0 0 0 2 0 2 2 0 0 3 
INPUTS 0 15 15 15 0 15 15 15 
GENOME 194
FITNESS 6
BEST_OUTPUT 64
MASKS 4 0 4 12 4 4 4 4 5 4 4 15 15 4 4 4 1 3 5 4 4 12 4 9 4 6 4 1 4 4 4 6 13 4 4 6 4 4 4 0 4 4 4 4 4 4 4 4 5 12 5 4 4 4 5 4 4 4 4 4 4 14 5 1 
SENSITIVITIES 2 0 0 0 0 0 0 1 0 1 1 1 0 0 1 1 0 0 0 0 0 0 2 0 1 0 0 0 0 0 0 0 0 0 2 2 2 0 1 1 3 0 0 0 0 0 0 3 0 2 0 3 1 0 0 0 0 0 0 0 2 2 0 1 
INPUTS 0 15 15 15 0 15 15 15 
GENOME 195
FITNESS 6
BEST_OUTPUT 64
MASKS 11 10 4 9 4 4 4 4 15 4 4 14 4 12 4 6 6 4 4 13 2 4 0 4 15 4 4 4 4 5 7 4 7 4 4 4 4 6 0 4 8 4 4 4 1 15 4 6 4 4 6 15 4 4 5 4 4 9 4 4 0 4 4 4 
SENSITIVITIES 0 0 0 3 2 2 0 1 0 0 0 1 1 2 0 0 0 0 3 0 3 0 0 0 0 2 0 0 1 0 0 0 1 0 0 0 0 0 0 0 0 0 2 0 2 0 0 0 0 2 3 2 0 3 0 0 0 0 0 0 3 0 0 3 
INPUTS 0 15 15 15 0 15 15 15 
GENOME 196
FITNESS 6
BEST_OUTPUT 32
MASKS 4 4 3 4 12 4 0 4 15 4 5 15 4 4 4 4 0 6 4 4 4 4 4 4 4 4 4 4 7 4 4 5 15 4 4 6 4 4 12 14 4 6 4 0 4 15 4 4 4 4 4 4 5 4 10 0 12 9 4 6 4 14 4 1 
SENSITIVITIES 0 0 0 0 2 1 1 0 0 0 0 0 0 0 0 2 0 0 0 0 0 0 0 0 0 0 0 1 3 0 0 0 1 0 0 0 1 2 0 0 0 3 0 0 0 0 0 0 0 0 2 3 0 0 1 0 0 0 3 2 2 0 0 0 
INPUTS 0 15 15 15 0 15 15 15 
GENOME 197
FITNESS 6
BEST_OUTPUT 32
MASKS 5 4 4 6 4 4 4 14 5 4 4 4 4 4 4 4 6 3 4 12 4 4 4 4 4 4 4 4 4 4 4 0 12 6 4 6 15 4 12 4 0 4 4 6 4 4 4 4 4 4 4 0 0 12 10 5 0 12 4 4 4 4 5 0 
SENSITIVITIES 0 1 0 0 3 2 0 0 0 0 1 0 0 0 0 2 2 1 0 2 0 0 0 0 3 0 0 0 0 0 0 0 0 1 0 0 0 0 0 0 1 2 0 1 0 0 0 0 0 2 0 0 2 1 0 3 0 0 3 2 0 0 0 2 
INPUTS 0 15 15 15 0 15 15 15 
GENOME 198
FITNESS 6
BEST_OUTPUT 32
MASKS 4 4 6 9 4 4 12 4 5 4 4 5 4 12 4 4 6 8 4 4 12 4 4 4 4 4 4 0 4 6 7 4 8 4 4 4 4 4 12 4 4 4 4 6 1 4 4 4 4 4 4 4 4 12 5 11 4 4 15 12 4 12 6 12 
SENSITIVITIES 1 1 0 2 2 2 0 0 2 0 1 0 1 0 1 2 0 0 1 0 0 0 0 0 0 2 0 0 0 0 3 2 1 0 0 2 1 0 0 0 0 0 3 0 2 1 0 0 0 3 3 0 0 0 0 0 2 0 0 0 2 0 2 3 
INPUTS 0 15 15 15 0 15 15 15 
GENOME 199
FITNESS 6
BEST_OUTPUT 64
MASKS 4 4 4 4 4 4 4 4 15 4 1 4 15 6 4 4 6 4 4 4 4 6 4 4 0 4 4 4 4 4 4 0 7 4 4 4 4 4 0 6 4 4 6 12 4 7 4 4 4 4 4 15 4 3 5 4 4 4 4 4 4 14 6 4 
SENSITIVITIES 0 1 0 2 2 2 0 0 0 0 1 0 0 0 0 2 0 0 3 2 3 0 0 1 0 2 0 0 3 0 0 0 1 1 0 0 2 0 0 0 0 0 2 0 0 0 0 3 1 2 0 0 3 0 0 0 0 0 3 3 2 0 0 1 
INPUTS 0 15 15 15 0 15 15 15 
GENOME 200
FITNESS 6
BEST_OUTPUT 16
MASKS 4 4 4 4 4 4 4 4 4 4 4 5 15 4 4 4 5 4 4 12 3 12 4 6 4 4 12 0 1 4 6 4 12 0 5 6 4 4 4 4 4 4 4 4 4 12 4 4 5 4 4 4 4 4 12 4 4 4 0 4 4 6 4 4 
SENSITIVITIES 0 0 0 2 0 2 0 0 2 0 1 1 0 0 0 0 0 0 0 0 1 0 2 0 0 0 0 0 0 0 0 0 1 0 2 2 1 0 0 0 0 0 0 0 0 0 1 0 0 0 0 0 1 0 0 0 0 0 0 0 0 1 2 2 
INPUTS 0 15 15 15 0 15 15 15 
GENOME 201
FITNESS 6
BEST_OUTPUT 64
MASKS 4 10 4 1 4 4 4 4 15 4 4 4 4 4 4 4 6 4 4 12 4 4 4 9 4 4 4 4 4 4 7 4 7 4 4 4 4 4 4 4 8 4 4 4 4 4 4 4 4 4 4 15 4 3 5 4 4 13 4 4 4 4 4 4 
SENSITIVITIES 0 1 0 0 2 2 1 0 1 0 0 0 1 2 0 1 0 0 3 3 0 0 0 0 3 2 0 0 0 0 0 2 1 1 0 2 2 0 0 0 0 0 2 0 0 0 0 3 0 2 0 0 2 0 1 0 3 0 0 3 0 0 0 1 
INPUTS 0 15 15 15 0 15 15 15 
GENOME 202
FITNESS 6
BEST_OUTPUT 64
MASKS 11 10 4 1 6 4 4 4 5 4 4 5 4 4 4 4 6 4 4 12 4 4 4 9 4 4 4 4 4 4 7 4 12 6 4 12 4 4 4 4 8 4 4 4 4 4 4 4 4 4 4 15 4 4 4 6 4 9 5 4 4 4 4 4 
SENSITIVITIES 0 2 0 0 2 0 1 0 1 0 3 1 0 2 0 1 0 0 3 2 0 0 1 0 2 2 0 0 0 0 0 0 1 0 0 2 0 0 0 0 2 1 0 0 0 2 0 0 0 0 0 0 0 0 0 0 3 0 3 3 0 0 0 2 
INPUTS 0 15 15 15 0 15 15 15 
GENOME 203
FITNESS 6
BEST_OUTPUT 32
MASKS 4 4 4 4 4 4 4 14 4 15 1 4 4 12 7 12 0 0 2 13 4 4 4 4 14 4 4 0 5 4 4 8 8 4 4 4 11 4 4 6 4 4 6 0 3 4 9 4 4 4 4 15 4 4 5 4 4 4 12 4 0 14 4 6 
SENSITIVITIES 1 0 2 2 2 2 0 3 0 0 1 0 0 0 0 1 1 0 0 0 3 0 0 0 0 0 2 0 3 0 0 0 0 1 0 3 1 0 0 0 3 0 0 0 2 0 0 0 0 2 3 0 1 1 0 2 0 3 3 0 0 0 1 3 
INPUTS 0 15 15 15 0 15 15 15 
GENOME 204
FITNESS 6
BEST_OUTPUT 64
MASKS 6 7 4 9 4 4 4 4 5 4 4 5 4 4 4 4 6 0 6 13 4 4 4 4 4 4 4 4 5 4 4 4 7 4 4 4 4 12 12 4 4 4 4 4 4 15 4 4 4 4 6 4 4 7 5 4 4 4 4 4 4 6 4 4 
SENSITIVITIES 2 0 0 0 2 2 0 0 0 0 2 0 0 0 0 0 0 1 0 0 1 0 2 0 2 2 0 0 0 0 0 0 0 0 0 0 0 0 2 0 0 0 0 0 0 0 0 0 0 2 2 0 0 1 0 0 2 0 0 0 2 0 0 1 
INPUTS 0 15 15 15 0 15 15 15 
GENOME 205
FITNESS 6
BEST_OUTPUT 64
MASKS 4 4 4 4 4 4 4 4 5 4 4 4 4 4 4 4 4 4 5 4 6 12 4 4 12 4 2 1 4 4 4 4 13 4 4 6 4 4 14 6 4 6 4 4 5 15 4 4 5 4 5 4 14 12 5 4 13 4 4 4 0 12 5 4 
SENSITIVITIES 3 1 0 2 0 0 0 0 2 2 0 1 0 0 0 0 0 0 0 0 1 0 2 0 2 0 0 0 2 3 0 0 0 0 2 0 2 0 1 0 0 0 2 0 0 0 0 0 0 2 0 0 0 1 0 0 2 3 0 3 0 0 0 1 
INPUTS 0 15 15 15 0 15 15 15 
GENOME 206
FITNESS 6
BEST_OUTPUT 32
MASKS 4 4 6 4 4 12 12 4 4 4 5 5 14 6 4 4 0 6 4 4 4 4 4 4 0 4 6 0 5 4 4 6 12 0 4 4 4 4 12 14 4 4 4 0 4 4 4 6 4 4 4 4 14 4 14 0 4 9 15 6 4 12 6 4 
SENSITIVITIES 0 0 0 0 2 2 2 0 0 0 1 0 1 0 0 0 0 0 3 0 0 0 0 0 0 0 0 0 0 0 3 2 0 1 0 2 1 0 0 0 2 3 3 0 0 0 0 0 0 3 2 0 0 2 0 2 0 0 0 2 2 0 0 1 
INPUTS 0 15 15 15 0 15 15 15 
GENOME 207
FITNESS 6
BEST_OUTPUT 32
MASKS 4 0 6 4 4 12 6 4 6 4 12 4 4 4 12 4 6 4 4 6 4 12 4 4 6 5 4 4 6 4 7 4 12 4 4 4 4 4 4 6 4 4 4 4 4 4 8 4 4 7 4 4 4 4 14 4 4 4 15 4 4 14 4 4 
SENSITIVITIES 1 0 0 0 0 2 0 0 0 0 1 1 0 0 0 0 3 0 0 1 1 0 2 2 3 0 0 0 0 2 0 0 0 1 0 1 1 0 0 0 2 1 3 2 1 0 0 0 0 3 0 0 0 0 0 0 0 0 0 2 2 0 1 3 
INPUTS 0 15 15 15 0 15 15 15 
GENOME 208
FITNESS 6
BEST_OUTPUT 64
MASKS 4 4 4 12 4 4 4 4 5 4 4 5 15 4 4 4 1 4 4 4 4 4 4 9 4 4 4 4 4 5 4 4 7 4 4 6 4 4 4 0 4 4 4 4 4 4 4 4 6 4 6 4 4 4 4 6 4 4 4 4 4 4 5 1 
SENSITIVITIES 2 0 0 0 0 2 0 1 0 0 1 0 1 0 0 2 0 3 3 0 0 0 0 0 1 0 0 0 0 0 0 0 0 0 0 0 1 2 2 1 3 0 2 1 0 1 0 3 0 0 2 0 1 0 0 0 2 0 0 0 2 0 0 1 
INPUTS 0 15 15 15 0 15 15 15 
GENOME 209
FITNESS 6
BEST_OUTPUT 32
MASKS 4 4 6 4 4 4 6 5 5 4 4 13 4 0 12 6 0 4 4 4 4 4 4 4 0 5 4 0 4 4 7 6 4 0 4 4 4 4 12 4 4 4 4 4 0 4 4 4 4 4 4 4 14 4 4 11 4 4 12 4 4 4 4 6 
SENSITIVITIES 1 0 0 0 0 2 2 0 0 0 1 0 0 0 1 1 1 0 1 1 3 0 0 0 0 0 0 0 0 0 0 0 0 1 2 0 1 0 0 0 2 3 3 0 0 0 0 0 0 3 0 0 0 1 0 0 0 0 2 2 2 0 2 1 
INPUTS 0 15 15 15 0 15 15 15 
GENOME 210
FITNESS 6
BEST_OUTPUT 100
MASKS 4 0 4 4 4 4 4 4 5 0 4 4 12 4 4 12 6 4 5 14 4 4 4 4 4 12 4 0 4 4 4 4 12 4 4 4 4 4 4 4 4 4 4 4 4 5 4 4 12 4 5 4 4 4 7 4 4 4 4 4 4 6 4 4 
SENSITIVITIES 0 1 2 1 3 0 0 0 0 0 0 1 2 0 0 1 1 2 0 0 0 0 0 0 0 2 0 0 0 1 0 2 1 0 0 0 0 0 0 3 0 0 0 0 2 0 2 0 0 0 2 0 0 1 0 1 2 0 0 1 2 0 0 3 
INPUTS 0 15 15 15 0 15 15 15 
GENOME 211
FITNESS 6
BEST_OUTPUT 32
MASKS 4 4 4 6 4 4 4 4 5 4 4 5 4 4 12 4 4 3 4 12 4 4 1 9 4 4 4 0 4 5 4 0 12 4 4 6 15 4 12 0 4 4 4 4 4 4 4 4 12 4 4 0 4 4 10 4 4 4 4 4 12 4 6 1 
SENSITIVITIES 0 0 0 0 0 0 2 1 0 0 1 0 0 0 0 2 2 1 0 1 2 0 0 0 3 1 0 0 0 0 0 0 0 1 0 0 2 0 0 1 0 0 2 0 0 0 0 0 2 2 2 0 0 1 0 0 0 0 3 1 0 0 0 1 
INPUTS 0 15 15 15 0 15 15 15 
GENOME 212
FITNESS 6
BEST_OUTPUT 32
MASKS 4 4 4 4 4 4 4 4 4 4 5 4 4 4 4 4 6 12 4 12 4 4 12 4 4 4 4 0 4 4 4 4 12 4 4 4 4 4 12 4 4 4 4 4 4 4 4 4 4 6 4 0 4 12 5 4 4 5 12 4 12 4 4 4 
SENSITIVITIES 0 1 0 2 0 2 0 0 0 0 0 0 0 1 2 0 0 0 0 1 0 0 0 0 2 2 0 0 0 0 0 0 0 0 0 0 2 0 1 0 0 3 2 0 2 0 0 0 2 2 0 0 2 0 0 2 2 0 0 2 0 0 0 2 
INPUTS 0 15 15 15 0 15 15 15 
GENOME 213
FITNESS 6
BEST_OUTPUT 32
MASKS 4 4 4 4 4 4 4 4 4 4 4 5 4 4 12 4 4 4 4 12 4 4 1 0 4 4 4 4 4 4 4 0 12 6 4 6 15 4 12 4 4 4 4 4 4 4 4 4 4 8 5 4 4 4 4 4 6 12 4 4 4 4 6 4 
SENSITIVITIES 0 1 0 2 0 0 0 0 0 0 1 1 0 0 0 0 2 1 0 2 0 0 0 0 3 2 0 0 0 0 0 0 1 0 1 0 1 0 0 3 0 0 2 1 0 0 0 1 0 2 2 0 2 1 2 0 2 0 3 2 0 0 0 3 
INPUTS 0 15 15 15 0 15 15 15 
GENOME 214
FITNESS 6
BEST_OUTPUT 16
MASKS 4 4 4 4 6 4 0 4 15 4 4 4 1 4 4 4 0 4 4 4 0 4 6 0 4 4 4 4 4 4 4 4 12 4 4 4 5 4 4 4 4 6 4 4 4 4 4 4 6 4 4 4 0 12 4 6 4 4 4 4 4 14 4 1 
SENSITIVITIES 0 1 0 0 2 0 1 0 0 0 0 0 0 0 0 2 0 2 3 2 0 0 0 0 0 3 0 0 3 2 0 0 1 0 0 0 0 0 0 0 0 3 0 1 0 0 2 2 0 0 0 0 2 0 0 0 1 0 3 0 0 0 1 0 
INPUTS 0 15 15 15 0 15 15 15 
GENOME 215
FITNESS 6
BEST_OUTPUT 16
MASKS 4 8 6 4 6 4 4 4 5 1 4 4 13 4 4 4 6 4 4 12 4 12 4 4 4 4 4 4 6 4 4 4 12 4 4 4 4 4 4 4 4 4 5 4 4 4 8 4 5 4 4 4 5 4 14 4 4 6 15 4 4 14 4 4 
SENSITIVITIES 1 0 0 2 0 2 0 0 0 0 0 0 0 0 0 2 3 0 0 1 1 0 0 2 0 0 0 2 0 1 0 0 1 0 3 0 1 0 0 3 0 3 2 0 0 2 1 0 0 3 0 0 0 1 0 0 2 1 1 2 0 1 0 3 
INPUTS 0 15 15 15 0 15 15 15 
GENOME 216
FITNESS 6
BEST_OUTPUT 16
MASKS 4 4 4 4 4 4 4 14 5 4 1 15 4 4 7 4 0 6 4 4 4 0 4 4 4 4 2 4 5 4 4 4 4 6 4 6 4 4 12 6 6 4 6 2 0 4 9 4 4 6 4 4 14 4 10 4 13 4 4 4 4 14 4 6 
SENSITIVITIES 0 0 1 0 2 2 2 2 0 0 2 0 0 0 2 0 2 0 2 0 3 0 0 0 0 2 2 0 3 0 0 0 1 0 0 0 0 0 0 0 2 0 2 2 0 2 0 0 0 2 3 0 0 0 0 2 0 3 0 2 0 0 1 1 
INPUTS 0 15 15 15 0 15 15 15 
GENOME 217
FITNESS 6
BEST_OUTPUT 16
MASKS 8 8 4 4 4 4 12 15 4 4 4 4 4 12 4 4 1 8 4 4 4 4 4 4 0 4 5 4 5 4 4 4 13 7 4 4 4 12 12 4 4 4 4 4 5 4 4 0 4 5 4 4 14 4 5 4 4 9 15 4 4 12 6 4 
SENSITIVITIES 1 0 0 2 2 0 0 0 0 1 0 0 2 0 0 0 2 0 3 0 3 0 0 0 2 2 0 2 1 0 0 1 0 0 2 0 1 1 0 2 0 3 3 0 0 0 0 1 0 3 2 0 0 0 0 2 0 2 0 2 0 2 2 0 
INPUTS 0 15 15 15 0 15 15 15 
GENOME 218
FITNESS 6
BEST_OUTPUT 16
MASKS 11 4 4 1 4 4 6 4 6 4 4 4 4 4 4 4 6 4 4 6 4 4 4 1 4 4 4 12 4 13 7 6 7 6 9 4 4 4 4 5 4 6 4 4 4 4 4 0 5 4 5 15 4 3 5 4 15 4 4 4 4 14 4 0 
SENSITIVITIES 1 1 1 2 2 0 1 2 2 0 2 0 1 0 0 0 0 0 3 3 0 0 0 0 0 2 0 0 0 1 3 0 1 0 0 0 0 0 1 0 0 1 2 2 0 0 0 3 1 1 0 3 0 3 0 0 2 0 1 0 0 0 0 1 
INPUTS 0 15 15 15 0 15 15 15 
GENOME 219
FITNESS 6
BEST_OUTPUT 32
MASKS 9 4 3 6 5 4 4 14 5 4 1 4 15 12 7 4 0 6 6 4 0 4 4 4 0 4 4 4 6 4 4 6 7 4 5 6 9 12 12 0 8 2 4 12 4 4 9 6 4 4 4 8 4 4 5 11 4 12 4 14 4 14 6 4 
SENSITIVITIES 2 0 0 0 0 2 0 1 0 0 1 0 1 0 0 2 2 0 0 0 0 0 0 0 1 0 0 0 0 0 0 0 0 0 0 0 1 0 1 3 0 0 1 1 0 0 0 0 0 0 2 0 0 1 0 2 2 0 0 2 2 0 1 3 
INPUTS 0 15 15 15 0 15 15 15 
GENOME 220
FITNESS 6
BEST_OUTPUT 64
MASKS 4 4 4 7 4 4 4 12 4 13 4 15 14 4 4 6 5 4 4 12 3 12 4 4 0 4 4 4 4 4 4 6 14 4 4 4 4 4 4 4 4 9 5 4 4 12 8 4 5 15 4 4 4 4 4 4 4 4 15 4 4 14 4 6 
SENSITIVITIES 1 1 0 0 0 0 0 0 0 0 1 1 0 2 0 1 0 0 0 1 3 0 2 0 0 3 1 0 0 0 2 2 1 0 2 1 0 0 0 3 1 0 3 0 0 0 0 0 0 2 0 0 1 0 0 0 2 0 2 2 1 1 0 2 
INPUTS 0 15 15 15 0 15 15 15 
GENOME 221
FITNESS 6
BEST_OUTPUT 64
MASKS 4 4 4 4 4 4 12 14 15 4 4 4 4 4 4 4 1 4 6 6 2 4 4 4 15 4 12 0 4 4 7 4 7 4 4 4 4 4 4 4 4 4 4 6 4 4 4 6 4 4 4 15 15 4 5 10 4 4 4 4 4 12 4 4 
SENSITIVITIES 0 0 1 3 2 2 0 0 0 0 0 0 2 0 0 0 0 3 0 2 0 0 0 0 0 2 0 0 0 3 0 0 1 0 0 0 0 0 2 0 0 0 3 0 2 0 0 0 0 2 0 0 0 3 0 0 0 2 0 0 2 1 1 1 
INPUTS 0 15 15 15 0 15 15 15 
GENOME 222
FITNESS 6
BEST_OUTPUT 32
MASKS 4 8 3 9 4 4 4 5 5 4 4 4 4 4 12 12 0 4 4 13 2 4 4 4 15 4 4 0 4 4 7 6 12 0 4 4 4 4 4 4 4 4 12 4 4 4 4 6 5 4 4 15 14 4 14 4 4 4 15 4 2 12 6 4 
SENSITIVITIES 1 0 0 2 2 2 0 0 0 0 1 0 1 0 0 0 2 0 0 0 3 0 2 0 0 2 2 0 0 0 1 0 0 1 2 0 1 0 0 0 2 3 3 0 2 0 0 0 0 2 0 0 0 1 0 0 2 2 0 0 2 0 2 3 
INPUTS 0 15 15 15 0 15 15 15 
GENOME 223
FITNESS 6
BEST_OUTPUT 16
MASKS 8 8 6 4 6 4 4 4 5 1 4 4 14 4 4 4 1 4 4 12 4 12 4 4 4 4 4 4 6 4 4 4 8 12 4 4 4 4 6 4 4 4 5 6 4 4 8 4 5 4 4 4 14 4 14 4 4 4 15 6 4 14 6 4 
SENSITIVITIES 1 0 0 2 0 2 0 0 0 0 0 1 0 0 1 0 0 0 1 0 3 0 2 2 1 0 0 1 0 1 0 0 0 3 3 0 0 1 0 1 0 3 2 0 0 2 0 0 0 3 0 0 0 1 0 3 2 0 1 2 0 0 0 1 
INPUTS 0 15 15 15 0 15 15 15 
GENOME 224
FITNESS 6
BEST_OUTPUT 64
MASKS 6 7 4 4 4 4 4 15 4 0 4 6 4 4 12 7 0 4 6 12 0 4 4 4 4 4 2 0 4 4 4 0 7 4 4 6 4 12 12 4 4 4 13 4 4 4 4 4 4 4 4 4 4 12 4 4 4 4 14 4 4 4 4 5 
SENSITIVITIES 0 1 0 0 2 2 2 0 0 0 1 0 0 0 0 1 0 1 0 0 3 0 0 0 1 2 0 0 0 1 0 0 2 1 0 0 0 0 2 1 1 0 0 0 0 0 0 0 0 2 0 0 0 0 0 0 2 0 0 1 2 2 0 1 
INPUTS 0 15 15 15 0 15 15 15 
GENOME 225
FITNESS 6
BEST_OUTPUT 32
MASKS 4 10 4 6 4 4 4 4 5 4 4 4 4 4 12 4 0 4 4 12 4 4 0 4 0 4 4 0 4 4 4 4 7 4 4 4 11 4 4 6 4 4 4 0 4 4 9 4 4 4 4 4 4 4 5 4 4 12 4 4 4 12 6 4 
SENSITIVITIES 2 0 0 0 0 3 0 0 0 1 0 0 0 1 0 3 0 1 0 2 3 0 2 3 0 2 0 0 0 0 2 0 1 0 0 0 2 0 0 3 0 1 0 1 0 0 0 0 0 0 2 3 0 2 0 0 2 2 1 2 0 0 0 2 
INPUTS 0 15 15 15 0 15 15 15 
GENOME 226
FITNESS 6
BEST_OUTPUT 32
MASKS 4 4 4 6 4 4 4 4 5 4 4 5 4 4 4 4 6 3 5 12 4 4 4 0 4 4 4 0 4 4 4 5 12 4 4 4 4 4 4 4 4 6 4 4 4 6 4 4 4 8 5 4 4 4 10 4 4 12 4 4 4 4 6 0 
SENSITIVITIES 1 1 0 2 2 0 0 0 0 0 1 1 0 2 0 0 2 0 0 0 0 0 0 0 2 2 1 2 0 0 2 0 1 1 0 0 3 0 0 3 0 0 0 1 0 0 0 1 0 3 2 0 0 0 0 0 2 0 1 1 2 0 0 1 
INPUTS 0 15 15 15 0 15 15 15 
GENOME 227
FITNESS 6
BEST_OUTPUT 64
MASKS 12 4 4 4 4 4 12 4 15 4 4 4 4 4 4 4 1 3 6 6 2 4 4 4 4 4 4 4 4 4 4 4 15 5 4 4 9 4 12 6 8 4 4 4 4 15 4 4 5 4 4 4 4 12 5 10 4 4 4 4 4 12 4 4 
SENSITIVITIES 0 0 0 2 2 1 0 0 2 0 0 0 1 0 1 0 0 0 0 0 0 2 0 0 0 2 0 1 3 3 0 0 1 0 0 0 0 1 1 0 0 0 2 0 0 0 2 0 0 2 2 0 0 0 0 0 0 2 0 2 2 0 2 1 
INPUTS 0 15 15 15 0 15 15 15 
GENOME 228
FITNESS 6
BEST_OUTPUT 32
MASKS 4 4 4 4 4 4 4 4 4 15 1 4 4 4 12 4 0 0 4 4 4 4 4 4 4 4 4 0 4 4 0 0 9 4 4 6 11 4 12 2 4 4 13 0 0 15 9 4 4 15 4 8 14 4 10 4 4 4 12 4 4 4 4 5 
SENSITIVITIES 0 0 0 0 0 1 0 3 0 0 1 0 0 0 0 1 0 0 0 0 1 0 0 0 0 0 0 0 3 0 0 0 0 0 0 0 0 0 0 0 1 0 0 0 0 2 0 0 0 2 0 1 0 1 0 2 2 3 1 2 0 0 0 1 
INPUTS 0 15 15 15 0 15 15 15 
GENOME 229
FITNESS 6
BEST_OUTPUT 32
MASKS 11 4 4 1 4 4 4 4 5 4 4 4 15 4 4 4 6 4 4 12 4 4 4 9 4 4 5 4 4 4 4 4 7 4 5 4 6 12 0 14 4 4 4 4 4 4 4 4 4 4 4 15 4 4 5 4 4 12 4 4 4 4 4 4 
SENSITIVITIES 2 0 0 0 0 2 0 0 0 0 1 2 1 0 0 0 1 0 3 3 0 0 0 0 0 2 0 0 0 0 0 0 0 1 0 0 1 0 0 0 0 0 0 0 0 0 0 3 0 3 0 0 0 3 0 0 0 0 1 0 2 0 0 3 
INPUTS 0 15 15 15 0 15 15 15 
GENOME 230
FITNESS 6
BEST_OUTPUT 64
MASKS 6 4 4 6 0 4 5 14 15 4 4 4 12 4 4 4 1 3 6 12 2 4 4 4 0 6 2 4 4 4 5 4 12 6 4 6 11 4 12 6 0 4 4 4 4 6 9 4 4 4 4 4 4 4 5 10 13 4 4 14 4 14 4 4 
SENSITIVITIES 2 0 0 0 0 2 0 1 0 0 0 1 0 2 0 1 2 1 0 2 0 0 2 0 0 0 0 2 3 0 0 0 0 0 0 0 2 0 3 0 0 0 2 0 0 1 2 1 1 0 0 0 0 0 0 0 2 2 3 2 0 0 0 2 
INPUTS 0 15 15 15 0 15 15 15 
GENOME 231
FITNESS 6
BEST_OUTPUT 16
MASKS 4 4 2 4 4 0 4 4 15 4 4 4 4 4 5 4 4 4 5 6 6 12 4 4 12 4 4 1 6 4 4 4 12 4 4 4 9 4 14 4 4 4 4 4 4 4 4 4 5 4 5 4 4 12 5 10 13 4 4 14 4 12 4 4 
SENSITIVITIES 3 0 0 2 0 1 0 0 2 1 0 1 0 0 0 0 0 0 0 0 1 0 2 0 0 0 0 0 0 0 0 2 1 1 0 0 2 0 1 0 0 0 2 1 0 0 2 2 0 3 0 3 0 1 0 0 0 0 1 0 0 2 0 1 
INPUTS 0 15 15 15 0 15 15 15 
GENOME 232
FITNESS 6
BEST_OUTPUT 84
MASKS 4 4 4 4 4 4 4 4 5 4 4 15 4 4 12 4 6 4 4 12 4 4 4 4 4 4 4 0 4 4 4 4 15 4 4 4 5 4 12 4 4 6 12 4 4 15 4 4 4 6 4 4 5 12 4 4 4 4 4 4 4 14 4 1 
SENSITIVITIES 0 0 0 2 0 1 0 0 0 0 0 0 2 0 0 2 2 1 0 0 0 0 0 3 2 0 0 0 1 3 0 0 0 1 2 0 0 0 2 3 0 0 0 0 1 0 0 0 0 0 0 3 0 0 1 0 0 0 0 2 0 0 2 0 
INPUTS 0 15 15 15 0 15 15 15 
GENOME 233
FITNESS 6
BEST_OUTPUT 100
MASKS 4 0 4 4 4 4 4 4 5 0 4 4 4 4 4 12 1 4 4 12 4 4 12 4 12 12 4 0 4 5 4 4 12 4 4 4 6 4 4 4 4 4 4 4 4 6 4 4 12 12 4 4 4 12 5 4 4 4 4 4 4 6 4 4 
SENSITIVITIES 0 1 2 0 3 2 0 0 0 0 0 0 0 0 0 1 0 2 0 0 1 0 0 0 0 2 0 0 0 0 0 2 0 0 0 0 1 1 0 2 0 0 0 0 2 0 0 0 0 0 0 0 0 1 0 1 0 0 0 1 2 0 0 3 
INPUTS 0 15 15 15 0 15 15 15 
GENOME 234
FITNESS 6
BEST_OUTPUT 32
MASKS 4 4 3 9 4 4 4 14 5 4 4 4 4 4 12 4 1 4 6 13 2 12 0 4 15 4 2 0 4 4 4 8 8 4 4 4 4 4 12 4 4 4 5 4 4 4 4 6 4 4 4 4 15 4 5 10 13 4 12 14 0 4 4 4 
SENSITIVITIES 0 0 0 0 2 1 0 2 0 0 0 0 1 1 3 0 0 0 0 0 0 0 0 0 2 2 0 0 0 3 2 0 1 1 0 1 2 0 1 0 0 0 0 1 2 0 0 0 0 0 3 0 1 0 0 0 2 0 0 0 2 0 0 3 
INPUTS 0 15 15 15 0 15 15 15 
GENOME 235
FITNESS 6
BEST_OUTPUT 16
MASKS 8 4 4 4 6 4 4 4 4 1 4 5 15 4 4 4 5 4 4 12 4 12 4 6 4 4 4 0 6 4 4 4 12 4 4 6 4 4 4 4 4 4 5 4 4 12 8 4 5 4 4 4 14 0 12 4 4 4 15 4 4 6 4 4 
SENSITIVITIES 0 0 0 2 0 2 0 1 0 0 3 1 0 0 0 0 0 0 0 0 3 0 2 2 3 0 0 0 0 0 0 0 0 0 0 0 2 0 0 3 0 0 2 0 0 0 0 0 0 3 0 0 0 0 0 1 2 0 1 0 0 0 0 1 
INPUTS 0 15 15 15 0 15 15 15 
GENOME 236
FITNESS 6
BEST_OUTPUT 32
MASKS 11 4 4 4 4 4 4 11 0 12 4 4 4 4 4 4 6 4 4 12 4 4 4 4 4 4 0 4 4 7 4 4 12 4 4 4 4 4 0 12 4 4 4 6 4 15 9 4 4 4 4 15 4 4 7 5 4 9 4 4 0 4 5 1 
SENSITIVITIES 2 0 0 0 0 2 0 0 0 0 0 0 1 0 0 0 0 0 0 1 3 0 0 0 1 0 0 0 1 0 0 0 2 1 0 0 1 0 1 2 0 0 2 0 1 0 0 0 0 0 0 0 0 0 0 0 2 0 0 2 0 0 0 2 
INPUTS 0 15 15 15 0 15 15 15 
GENOME 237
FITNESS 6
BEST_OUTPUT 32
MASKS 4 4 4 4 4 4 4 4 5 4 4 4 4 4 4 4 6 12 4 12 4 4 4 4 5 4 4 4 4 4 4 0 12 4 4 4 4 4 4 5 4 4 4 12 4 4 0 4 4 4 5 0 4 4 5 4 4 4 12 4 4 4 4 4 
SENSITIVITIES 0 0 0 0 3 2 0 0 0 0 0 0 0 0 0 2 0 0 0 3 0 0 0 0 0 2 0 0 0 0 0 3 0 0 0 1 2 0 0 0 0 3 2 2 2 0 0 0 0 2 0 0 0 1 0 2 2 0 0 2 2 0 0 3 
INPUTS 0 15 15 15 0 15 15 15 
GENOME 238
FITNESS 6
BEST_OUTPUT 64
MASKS 4 10 4 1 4 4 4 4 15 4 4 4 4 4 0 4 6 12 4 12 12 4 6 4 5 4 4 4 4 4 4 0 8 4 4 4 4 4 0 4 4 4 4 5 4 4 4 4 4 4 4 0 4 3 4 4 4 12 12 5 12 4 4 4 
SENSITIVITIES 0 1 0 2 2 2 0 0 0 0 0 0 0 0 0 0 0 0 0 1 1 0 0 2 3 2 0 0 0 0 0 0 1 1 0 0 0 0 0 0 0 0 2 0 0 0 0 3 1 2 0 0 0 3 0 0 2 0 0 2 2 0 0 3 
INPUTS 0 15 15 15 0 15 15 15 
GENOME 239
FITNESS 6
BEST_OUTPUT 32
MASKS 9 5 4 4 0 4 4 4 15 4 1 4 15 4 4 4 1 4 4 12 4 4 4 9 4 4 0 4 4 7 4 4 13 4 4 6 4 4 12 4 4 4 6 12 4 7 9 4 4 6 5 4 4 6 7 4 13 9 12 4 12 4 6 1 
SENSITIVITIES 0 0 0 2 0 2 0 0 0 1 0 0 1 0 0 0 0 0 0 0 3 0 0 1 1 2 0 0 1 0 2 0 2 0 1 0 2 0 1 0 0 3 2 0 2 2 0 3 0 0 0 1 0 0 0 0 1 0 0 2 0 0 0 2 
INPUTS 0 15 15 15 0 15 15 15 
GENOME 240
FITNESS 6
BEST_OUTPUT 64
MASKS 8 0 3 9 4 12 4 4 15 4 4 15 14 12 4 4 4 4 4 13 4 4 4 4 15 4 4 4 6 12 7 6 12 4 4 4 4 4 4 4 4 4 4 4 1 4 8 6 4 15 4 15 4 4 14 15 4 4 15 4 4 4 4 4 
SENSITIVITIES 1 0 0 3 0 2 0 0 0 1 3 1 0 1 0 1 1 0 0 0 1 2 2 0 2 2 0 0 0 0 1 0 1 0 0 0 0 0 0 0 0 1 2 0 2 0 0 0 0 2 3 0 1 1 0 0 0 0 0 0 0 0 1 1 
INPUTS 0 15 15 15 0 15 15 15 
GENOME 241
FITNESS 6
BEST_OUTPUT 64
MASKS 8 0 6 4 4 12 4 4 6 9 4 5 14 4 4 4 4 4 4 4 4 4 4 4 0 4 4 4 1 4 4 0 12 0 4 4 4 4 4 6 4 4 5 4 4 4 4 4 4 15 4 4 4 4 14 4 4 4 4 4 4 12 4 4 
SENSITIVITIES 1 0 0 2 1 2 1 0 2 2 1 0 0 0 0 0 0 0 0 0 1 2 0 2 1 3 0 0 0 0 0 0 2 1 2 0 0 0 0 0 2 0 3 0 0 0 0 0 0 3 0 0 1 0 0 0 2 0 0 0 0 2 2 0 
INPUTS 0 15 15 15 0 15 15 15 
GENOME 242
FITNESS 5
BEST_OUTPUT 0
MASKS 4 0 4 1 4 4 4 4 15 4 4 4 12 4 4 12 6 4 6 15 4 4 0 4 4 12 4 0 4 4 4 4 12 4 4 4 4 4 4 6 8 4 4 4 4 15 4 4 12 4 4 4 4 4 7 4 4 4 4 4 4 6 4 4 
SENSITIVITIES 0 1 0 0 2 2 0 0 0 0 0 0 2 2 0 1 3 0 3 3 3 0 0 0 0 2 0 0 0 1 0 0 1 1 0 0 0 0 0 1 0 0 2 0 0 0 0 0 0 0 0 0 0 3 0 0 2 0 1 3 0 0 0 3 
INPUTS 0 15 15 15 0 15 15 15 
GENOME 243
FITNESS 5
BEST_OUTPUT 0
MASKS 11 5 4 4 4 4 4 11 5 12 4 4 4 4 4 4 6 4 4 12 4 4 4 9 4 4 0 4 4 3 4 4 13 4 4 4 4 4 0 4 4 6 4 4 5 15 9 4 4 4 4 15 4 12 5 4 4 9 4 4 4 4 4 4 
SENSITIVITIES 0 0 0 0 0 1 1 0 0 1 0 0 1 0 0 0 0 1 3 2 3 0 0 0 2 2 0 0 1 0 0 0 1 1 0 0 0 0 1 2 0 0 2 0 0 0 1 3 0 0 0 1 0 0 0 0 0 0 3 2 0 0 1 0 
INPUTS 0 15 15 15 0 15 15 15 
GENOME 244
FITNESS 5
BEST_OUTPUT 0
MASKS 4 12 0 12 4 4 4 4 5 4 4 4 15 4 4 4 1 1 6 4 4 4 4 9 4 4 4 4 4 4 4 6 7 4 4 6 4 12 4 0 4 4 4 1 4 4 4 4 4 4 4 4 4 4 5 4 4 9 4 4 4 4 4 1 
SENSITIVITIES 2 0 0 0 0 2 0 1 0 0 0 0 1 0 2 2 0 3 0 0 0 0 0 0 1 2 0 0 0 0 0 0 2 0 0 0 1 0 1 1 3 0 2 1 0 2 0 3 0 3 2 2 1 1 0 0 2 0 0 0 2 0 0 1 
INPUTS 0 15 15 15 0 15 15 15 
GENOME 245
FITNESS 5
BEST_OUTPUT 0
MASKS 11 10 4 4 0 4 0 4 15 4 4 4 0 4 4 4 6 6 4 12 0 4 6 9 4 4 0 4 4 5 4 4 14 4 4 6 4 4 0 6 8 4 4 4 4 4 4 4 4 12 4 15 14 12 5 4 4 9 4 4 4 14 4 1 
SENSITIVITIES 0 1 0 0 2 1 3 0 0 3 0 0 0 2 0 0 0 1 3 3 3 0 0 0 1 0 0 2 0 0 0 1 1 1 0 0 0 0 0 0 0 3 0 0 0 1 0 3 0 1 2 0 0 3 0 0 0 0 3 1 1 0 1 2 
INPUTS 0 15 15 15 0 15 15 15 
GENOME 246
FITNESS 5
BEST_OUTPUT 0
MASKS 6 10 4 1 4 4 4 15 4 4 4 5 4 6 0 4 6 4 6 4 4 4 4 9 4 4 2 9 6 4 7 4 12 4 4 4 4 12 12 4 4 4 4 4 4 4 4 4 4 4 6 15 4 7 5 4 4 9 14 4 4 4 0 4 
SENSITIVITIES 0 0 0 0 2 2 1 0 0 0 3 0 1 2 0 1 0 0 0 0 3 0 2 1 1 3 0 0 1 0 0 0 2 0 0 0 2 1 2 0 0 0 2 0 0 0 1 3 0 2 2 0 0 0 0 0 3 0 0 3 2 0 0 1 
INPUTS 0 15 15 15 0 15 15 15 
GENOME 247
FITNESS 5
BEST_OUTPUT 0
MASKS 11 10 4 0 6 4 4 4 15 4 4 12 15 5 4 5 6 4 4 4 4 4 4 9 4 5 4 4 4 4 4 4 7 4 9 6 4 4 0 0 8 4 4 4 6 4 4 4 0 4 4 4 4 4 5 6 4 4 4 4 4 4 6 4 
SENSITIVITIES 0 0 0 0 2 2 0 2 0 0 0 0 1 2 0 0 1 0 3 3 0 0 0 2 1 2 0 0 0 1 0 1 1 3 0 0 2 0 0 1 0 0 1 1 0 0 0 1 0 2 2 0 1 1 0 0 0 0 1 3 2 0 0 2 
INPUTS 0 15 15 15 0 15 15 15 
GENOME 248
FITNESS 5
BEST_OUTPUT 0
MASKS 0 11 3 4 6 4 4 4 15 4 4 15 4 4 4 12 6 3 4 13 4 4 4 4 15 4 4 0 4 14 7 4 15 4 4 4 4 4 4 4 4 6 4 4 1 4 4 6 4 4 4 15 5 12 5 11 4 9 4 4 4 14 4 1 
SENSITIVITIES 0 0 0 2 2 2 0 0 0 0 3 0 1 0 0 2 0 1 0 0 0 0 0 0 0 2 0 1 0 3 2 0 0 0 2 0 0 0 2 0 1 0 0 0 2 0 0 0 0 2 2 0 0 1 1 0 2 2 3 2 2 0 2 0 
INPUTS 0 15 15 15 0 15 15 15 
GENOME 249
FITNESS 5
BEST_OUTPUT 0
MASKS 4 4 3 4 6 4 4 4 4 4 4 13 4 4 6 4 6 3 4 4 2 4 4 4 4 4 4 4 4 4 7 4 15 4 4 4 5 4 12 4 8 4 4 0 4 4 5 4 5 4 6 4 4 4 4 4 4 4 4 0 5 14 4 1 
SENSITIVITIES 2 0 0 2 0 2 0 0 0 0 1 0 0 0 0 2 0 1 0 0 1 0 0 0 0 2 0 1 1 3 2 0 0 0 0 2 0 0 1 0 0 0 0 0 2 1 0 0 0 2 3 0 0 0 1 2 0 0 0 2 1 0 2 0 
INPUTS 0 15 15 15 0 15 15 15 
GENOME 250
FITNESS 5
BEST_OUTPUT 0
MASKS 6 7 4 4 13 4 4 15 4 4 4 5 15 4 4 0 5 4 4 6 3 4 4 9 4 4 2 0 4 4 4 4 12 5 4 14 4 4 4 0 4 4 4 4 4 12 4 4 5 8 6 4 4 0 5 11 4 4 0 4 4 6 4 4 
SENSITIVITIES 0 1 0 0 3 0 0 0 0 1 3 0 0 0 0 0 1 0 0 0 3 1 2 0 0 3 0 0 0 0 0 0 1 0 0 0 2 0 0 0 3 0 3 0 1 0 3 1 0 2 0 0 1 1 0 0 2 2 1 0 2 1 0 3 
INPUTS 0 15 15 15 0 15 15 15 
GENOME 251
FITNESS 5
BEST_OUTPUT 0
MASKS 4 4 4 12 6 4 4 5 15 4 4 4 4 4 4 4 6 6 6 6 2 4 4 4 4 4 4 4 4 4 5 4 15 13 4 5 9 4 12 6 0 4 4 4 4 4 4 4 5 4 4 4 5 12 6 4 13 4 4 4 4 14 4 4 
SENSITIVITIES 2 0 0 1 2 3 0 0 0 0 0 0 0 2 0 2 2 1 3 2 0 0 0 0 0 2 0 1 0 3 0 0 1 0 0 0 2 0 2 0 0 0 2 2 0 0 0 1 0 0 2 0 2 0 0 0 0 2 3 2 0 2 2 0 
INPUTS 0 15 15 15 0 15 15 15 
GENOME 252
FITNESS 5
BEST_OUTPUT 0
MASKS 4 4 4 4 6 4 4 15 5 4 4 4 13 4 4 4 1 6 12 12 4 12 4 4 4 4 4 4 4 4 4 4 13 5 4 5 4 4 12 4 4 4 4 6 0 4 4 6 0 4 4 4 4 4 5 4 4 9 4 4 4 12 5 4 
SENSITIVITIES 2 0 0 0 2 2 0 0 0 1 0 1 2 0 0 0 0 0 0 0 2 0 0 0 1 0 0 0 1 0 2 0 0 0 0 0 1 0 1 2 0 1 2 0 2 2 0 1 0 1 2 0 0 0 0 3 2 0 0 2 0 1 2 0 
INPUTS 0 15 15 15 0 15 15 15 
GENOME 253
FITNESS 5
BEST_OUTPUT 0
MASKS 4 10 4 4 4 4 4 4 15 4 4 4 4 12 4 6 6 4 0 4 4 6 4 9 4 4 4 4 4 4 6 0 4 4 6 4 4 4 0 4 0 4 4 4 4 15 4 4 4 4 4 15 4 4 5 4 4 4 12 4 4 4 4 4 
SENSITIVITIES 1 1 0 2 2 2 0 1 2 0 1 0 0 3 0 2 1 0 2 3 1 0 0 2 2 0 0 0 1 1 0 0 1 1 0 0 0 0 0 0 2 0 2 0 0 0 0 3 0 3 0 0 0 1 0 2 0 1 0 2 0 0 0 3 
INPUTS 0 15 15 15 0 15 15 15 
GENOME 254
FITNESS 5
BEST_OUTPUT 0
MASKS 4 0 4 4 4 12 4 12 4 4 4 5 15 4 4 4 5 4 4 4 3 12 4 4 4 4 4 4 6 4 4 4 12 4 4 4 5 4 4 4 4 4 5 4 4 4 8 4 4 15 4 4 4 0 12 4 4 4 0 4 4 6 4 4 
SENSITIVITIES 1 1 0 2 0 2 0 0 0 1 0 1 0 0 0 1 1 0 0 0 1 2 0 0 3 1 0 0 0 0 0 0 1 0 0 0 2 0 0 0 0 0 2 0 0 0 0 0 0 3 0 0 1 1 0 0 2 0 0 0 0 1 1 1 
INPUTS 0 15 15 15 0 15 15 15 
GENOME 255
FITNESS 5
BEST_OUTPUT 68
MASKS 4 0 4 4 4 4 6 4 5 4 4 4 4 4 12 6 6 4 4 4 4 4 4 4 4 5 4 0 4 4 4 0 4 4 4 4 4 4 12 4 4 4 4 4 4 4 4 5 12 4 4 4 4 4 4 4 4 4 12 4 4 6 4 4 
SENSITIVITIES 1 0 0 0 2 2 2 0 0 0 0 0 0 0 0 1 1 2 0 1 1 0 0 0 0 0 0 0 0 1 0 0 0 0 0 0 1 0 0 3 2 1 0 0 2 0 0 0 0 0 0 0 0 1 0 0 0 0 0 2 2 0 0 3 
INPUTS 0 15 15 15 0 15 15 15 
